# Standards/Star+Pol cal correction file 20241227
#  calPA     -45.28       0.99      46.74 
  3200.00      0.000      0.000      0.000 
  3300.00      0.000      0.000      0.000 
  3400.00      0.000      0.000      0.000 
  3487.50      0.000      0.000      0.000 
  3550.00      0.000      0.000      0.000 
  3600.00      0.000      0.000      0.000 
  3650.00     98.196     97.640    100.640 
  3700.00     97.747     97.165    100.823 
  3750.00     97.719     97.041    101.184 
  3800.00     98.307     97.516    100.974 
  3850.00     98.560     98.210    100.458 
  3900.00     98.731     98.526    100.166 
  3950.00     98.819     98.609    100.018 
  4000.00     98.974     98.672     99.947 
  4050.00     99.288     98.993     99.676 
  4100.00     99.356     99.212     99.359 
  4150.00     99.360     99.378     99.260 
  4200.00     99.377     99.471     99.364 
  4250.00     99.425     99.509     99.575 
  4300.00     99.466     99.539     99.756 
  4350.00     99.515     99.629     99.890 
  4400.00     99.630     99.708     99.881 
  4450.00     99.703     99.844     99.721 
  4500.00     99.675     99.941     99.527 
  4550.00      0.000      0.000      0.000 
  4600.00     99.566     99.921     99.219 
  4650.00     99.538     99.890     99.226 
  4700.00     99.547     99.890     99.281 
  4750.00     99.576     99.897     99.381 
  4800.00     99.592     99.893     99.485 
  4850.00     99.596     99.914     99.561 
  4900.00     99.645     99.986     99.611 
  4950.00     99.695    100.045     99.606 
  5012.50     99.702    100.126     99.546 
  5100.00     99.666    100.213     99.366 
  5200.00     99.619    100.213     99.262 
  5300.00     99.628    100.191     99.255 
  5400.00     99.646    100.182     99.300 
  5500.00     99.677    100.169     99.373 
  5600.00      0.000      0.000      0.000 
  5700.00     99.566     99.962     99.316 
  5800.00     99.577    100.049     99.306 
  5900.00     99.602    100.091     99.285 
  6000.00     99.635    100.121     99.297 
  6100.00     99.730    100.167     99.344 
  6200.00     99.795    100.137     99.387 
  6300.00     99.873    100.172     99.427 
  6400.00     99.947    100.138     99.547 
  6500.00     99.978    100.120     99.678 
  6600.00     99.916    100.100     99.747 
  6700.00     99.829    100.078     99.777 
  6800.00     99.979    100.216     99.752 
  6900.00    100.108    100.202     99.700 
  7025.00    100.300    100.226     99.659 
  7200.00    100.496    100.190     99.630 
  7400.00    100.617    100.084     99.610 
  7600.00    100.575     99.856     99.499 
  7800.00    100.510     99.767     99.461 
  8000.00    100.378     99.573     99.352 
  8200.00    100.185     99.358     99.127 
  8400.00    100.029     99.199     99.043 
  8600.00     99.931     98.901     98.785 
  8800.00      0.000      0.000      0.000 
  9000.00      0.000      0.000      0.000 
  9200.00      0.000      0.000      0.000 
  9400.00      0.000      0.000      0.000 
  9600.00      0.000      0.000      0.000 
  9800.00      0.000      0.000      0.000 
  3200.00      0.000      0.000      0.000 
  3300.00      0.000      0.000      0.000 
  3400.00      0.000      0.000      0.000 
  3487.50      0.000      0.000      0.000 
  3550.00      0.000      0.000      0.000 
  3600.00      0.000      0.000      0.000 
  3650.00     -1.357     -0.605     -0.628 
  3700.00     -1.087     -0.823     -0.375 
  3750.00     -0.924     -0.672     -0.214 
  3800.00     -1.073     -0.827     -0.457 
  3850.00     -1.185     -0.652     -0.553 
  3900.00     -1.180     -0.646     -0.594 
  3950.00     -1.219     -0.540     -0.674 
  4000.00     -1.265     -0.759     -0.731 
  4050.00     -1.201     -0.562     -0.707 
  4100.00     -1.112     -0.424     -0.633 
  4150.00     -1.046     -0.253     -0.575 
  4200.00     -1.044     -0.199     -0.572 
  4250.00     -1.056     -0.149     -0.573 
  4300.00     -1.076     -0.285     -0.587 
  4350.00     -1.066     -0.402     -0.587 
  4400.00     -1.003     -0.410     -0.585 
  4450.00     -0.885     -0.379     -0.511 
  4500.00     -0.717     -0.191     -0.367 
  4550.00      0.000      0.000      0.000 
  4600.00     -0.571     -0.021     -0.270 
  4650.00     -0.597     -0.016     -0.289 
  4700.00     -0.645     -0.023     -0.335 
  4750.00     -0.679     -0.090     -0.363 
  4800.00     -0.711     -0.138     -0.389 
  4850.00     -0.717     -0.185     -0.411 
  4900.00     -0.698     -0.216     -0.426 
  4950.00     -0.654     -0.229     -0.411 
  5012.50     -0.582     -0.242     -0.393 
  5100.00     -0.383     -0.068     -0.179 
  5200.00     -0.272      0.070     -0.053 
  5300.00     -0.325      0.059     -0.086 
  5400.00     -0.429     -0.024     -0.166 
  5500.00     -0.522     -0.112     -0.233 
  5600.00      0.000      0.000      0.000 
  5700.00     -0.575     -0.201     -0.283 
  5800.00     -0.451     -0.140     -0.185 
  5900.00     -0.261     -0.030     -0.037 
  6000.00     -0.120      0.065      0.061 
  6100.00     -0.051      0.092      0.087 
  6200.00     -0.050      0.086      0.076 
  6300.00     -0.092      0.058      0.033 
  6400.00     -0.156      0.015     -0.011 
  6500.00     -0.232     -0.036      0.009 
  6600.00     -0.240     -0.029      0.067 
  6700.00     -0.220     -0.053      0.064 
  6800.00     -0.153     -0.043      0.061 
  6900.00     -0.055     -0.049      0.002 
  7025.00      0.117     -0.000      0.002 
  7200.00      0.165      0.021     -0.042 
  7400.00      0.178      0.015     -0.070 
  7600.00      0.159      0.005     -0.039 
  7800.00      0.156      0.012     -0.010 
  8000.00      0.052     -0.053     -0.045 
  8200.00      0.127      0.037      0.091 
  8400.00      0.133      0.122      0.242 
  8600.00      0.132      0.112      0.274 
  8800.00      0.000      0.000      0.000 
  9000.00      0.000      0.000      0.000 
  9200.00      0.000      0.000      0.000 
  9400.00      0.000      0.000      0.000 
  9600.00      0.000      0.000      0.000 
  9800.00      0.000      0.000      0.000 
