# Standards/Star+Pol cal correction file 20250217
#  calPA     -46.71       1.04      46.74 
  3200.00      0.000      0.000      0.000 
  3300.00      0.000      0.000      0.000 
  3400.00      0.000      0.000      0.000 
  3487.50      0.000      0.000      0.000 
  3550.00      0.000      0.000      0.000 
  3600.00      0.000      0.000      0.000 
  3650.00     99.214     99.199    100.640 
  3700.00     98.898     98.707    100.823 
  3750.00     99.110     98.593    101.184 
  3800.00     99.193     98.879    100.974 
  3850.00     99.016     99.351    100.458 
  3900.00     98.924     99.614    100.166 
  3950.00     98.872     99.526    100.018 
  4000.00     99.023     99.510     99.947 
  4050.00     99.376     99.709     99.676 
  4100.00     99.473     99.836     99.359 
  4150.00     99.461     99.975     99.260 
  4200.00     99.454    100.028     99.364 
  4250.00     99.461    100.096     99.575 
  4300.00     99.460    100.173     99.756 
  4350.00     99.535    100.239     99.890 
  4400.00     99.659    100.287     99.881 
  4450.00     99.791    100.333     99.721 
  4500.00     99.833    100.395     99.527 
  4550.00      0.000      0.000      0.000 
  4600.00     99.821    100.456     99.219 
  4650.00     99.805    100.470     99.226 
  4700.00     99.832    100.512     99.281 
  4750.00     99.878    100.533     99.381 
  4800.00     99.868    100.561     99.485 
  4850.00     99.830    100.591     99.561 
  4900.00     99.846    100.615     99.611 
  4950.00     99.893    100.623     99.606 
  5012.50     99.910    100.657     99.546 
  5100.00     99.889    100.717     99.366 
  5200.00     99.857    100.768     99.262 
  5300.00     99.908    100.796     99.255 
  5400.00     99.960    100.794     99.300 
  5500.00     99.988    100.768     99.373 
  5600.00      0.000    100.586      0.000 
  5700.00     99.843    100.507     99.316 
  5800.00     99.832    100.469     99.306 
  5900.00     99.811    100.450     99.285 
  6000.00     99.824    100.456     99.297 
  6100.00     99.856    100.499     99.344 
  6200.00     99.910    100.549     99.387 
  6300.00     99.950    100.566     99.427 
  6400.00    100.016    100.397     99.547 
  6500.00    100.051    100.163     99.678 
  6600.00    100.068     99.996     99.747 
  6700.00    100.104     99.956     99.777 
  6800.00    100.130    100.094     99.752 
  6900.00    100.083    100.080     99.700 
  7025.00    100.081    100.103     99.659 
  7200.00    100.115    100.068     99.630 
  7400.00    100.097     99.961     99.610 
  7600.00    100.013     99.734     99.499 
  7800.00    100.006     99.645     99.461 
  8000.00     99.929     99.452     99.352 
  8200.00     99.759     99.236     99.127 
  8400.00     99.689     99.078     99.043 
  8600.00     99.498     98.780     98.785 
  8800.00      0.000      0.000      0.000 
  9000.00      0.000      0.000      0.000 
  9200.00      0.000      0.000      0.000 
  9400.00      0.000      0.000      0.000 
  9600.00      0.000      0.000      0.000 
  9800.00      0.000      0.000      0.000 
  3200.00      0.000      0.000      0.000 
  3300.00      0.000      0.000      0.000 
  3400.00      0.000      0.000      0.000 
  3487.50      0.000      0.000      0.000 
  3550.00      0.000      0.000      0.000 
  3600.00      0.000      0.000      0.000 
  3650.00     -0.327     -0.706     -0.628 
  3700.00     -0.012     -0.928     -0.375 
  3750.00      0.261     -0.757     -0.214 
  3800.00     -0.022     -0.892     -0.457 
  3850.00     -0.279     -0.732     -0.553 
  3900.00     -0.323     -0.724     -0.594 
  3950.00     -0.437     -0.623     -0.674 
  4000.00     -0.618     -0.800     -0.731 
  4050.00     -0.642     -0.608     -0.707 
  4100.00     -0.620     -0.350     -0.633 
  4150.00     -0.538     -0.147     -0.575 
  4200.00     -0.458     -0.049     -0.572 
  4250.00     -0.370     -0.098     -0.573 
  4300.00     -0.368     -0.151     -0.587 
  4350.00     -0.304     -0.289     -0.587 
  4400.00     -0.310     -0.372     -0.585 
  4450.00     -0.263     -0.334     -0.511 
  4500.00     -0.201     -0.124     -0.367 
  4550.00      0.000      0.000      0.000 
  4600.00     -0.239      0.209     -0.270 
  4650.00     -0.254      0.252     -0.289 
  4700.00     -0.275      0.271     -0.335 
  4750.00     -0.286      0.195     -0.363 
  4800.00     -0.363      0.118     -0.389 
  4850.00     -0.399      0.021     -0.411 
  4900.00     -0.387     -0.093     -0.426 
  4950.00     -0.363     -0.178     -0.411 
  5012.50     -0.355     -0.259     -0.393 
  5100.00     -0.206     -0.075     -0.179 
  5200.00     -0.135      0.182     -0.053 
  5300.00     -0.175      0.235     -0.086 
  5400.00     -0.239      0.146     -0.166 
  5500.00     -0.297      0.014     -0.233 
  5600.00      0.000     -0.143      0.000 
  5700.00     -0.297     -0.231     -0.283 
  5800.00     -0.197     -0.253     -0.185 
  5900.00     -0.057     -0.159     -0.037 
  6000.00      0.032     -0.037      0.061 
  6100.00      0.045      0.055      0.087 
  6200.00      0.042      0.078      0.076 
  6300.00      0.014      0.047      0.033 
  6400.00     -0.033      0.003     -0.011 
  6500.00     -0.073     -0.034      0.009 
  6600.00     -0.077     -0.041      0.067 
  6700.00     -0.069     -0.050      0.064 
  6800.00     -0.062     -0.040      0.061 
  6900.00     -0.069     -0.046      0.002 
  7025.00     -0.010      0.003      0.002 
  7200.00      0.029      0.024     -0.042 
  7400.00      0.056      0.018     -0.070 
  7600.00      0.065      0.008     -0.039 
  7800.00      0.078      0.015     -0.010 
  8000.00      0.026     -0.050     -0.045 
  8200.00      0.125      0.039      0.091 
  8400.00      0.123      0.125      0.242 
  8600.00      0.025      0.114      0.274 
  8800.00      0.000      0.000      0.000 
  9000.00      0.000      0.000      0.000 
  9200.00      0.000      0.000      0.000 
  9400.00      0.000      0.000      0.000 
  9600.00      0.000      0.000      0.000 
  9800.00      0.000      0.000      0.000 
