# from HD298383_paripple.xlsx/221_dpaw_new
# remaining ripple in HD298383 20230221
#   20230315
# wavl  ripplesign  ripwav  ripwav
4150    0
4200    0
4250    0
4300    0
4350    0
4400    0
4450    1
4500    1
4550    1
4600    1
4650    1
4700    0
4750    -1
4800    -1
4850    -1
4900    -1
4950    -1
5000    -1
5100    1
5200    1
5300    1
5400    0
5500    -1
5600    -1
5700    -1
5800    -1
5900    0
6000    1
6100    1
6200    1
6300    1
6400    0
6500    -1
6600    -1
6700    -1
6800    -1
6900    -1
7000    -1
7100    0
7200    1
7300    1
7400    1
7500    1
7600    1
7700    1
7800    1
7900    1
8000    0
8100    0
8200    0
8300    0
8400    0
8500    0
8600    0
8700    0
8800    0
8900    0
9000    0
