# RSS imaging optics properties
#
# V6: acam,yxdcam from 20210213 20201001_bsflex_4b. Focal lengths, temp dependence from v1 (FRatio.xlsx)
# poldist_files.xlsx/RSSimgopt_v6
#   mm and degrees
#  dFcoldt  dFcamdt mm/deg
0.0090  0.0067
#   0.99723 adjustment to v1
# Ang   mm                           mm   mm     mm                 deg    deg
# Wavel Fcoll     Acoll  Bcoll  ydcoll  xdcoll   Fcam    acam  alphydcam alphxdcam
3000    630.097 0.01345 0.00504 -1.1267 0.9692  328.768 0.00007 0.0000  0.0000
3200    629.258 0.01345 0.00504 -1.1267 0.9692  328.123 0.00007 0.0000  0.0000
3400    628.635 0.01345 0.00504 -1.1267 0.9692  327.766 0.00007 0.0000  0.0000
3600    628.161 0.01345 0.00504 -1.1267 0.9692  327.576 0.00007 0.0000  0.0000
3800    627.792 0.01345 0.00504 -1.1267 0.9692  327.486 0.00007 0.0000  0.0000
4000    627.500 0.01345 0.00504 -1.1267 0.9692  327.458 0.00007 0.0000  0.0000
4200    627.266 0.01345 0.00504 -1.1267 0.9692  327.466 0.00007 0.0000  0.0000
4400    627.077 0.01345 0.00504 -1.1267 0.9692  327.498 0.00007 0.0000  0.0000
4600    626.922 0.01345 0.00504 -1.1267 0.9692  327.544 0.00007 0.0000  0.0000
4800    626.794 0.01345 0.00504 -1.1267 0.9692  327.597 0.00007 0.0000  0.0000
5000    626.689 0.01345 0.00504 -1.1267 0.9692  327.655 0.00007 0.0000  0.0000
5200    626.602 0.01345 0.00504 -1.1267 0.9692  327.715 0.00007 0.0000  0.0000
5400    626.530 0.01345 0.00504 -1.1267 0.9692  327.775 0.00007 0.0000  0.0000
5600    626.470 0.01345 0.00504 -1.1267 0.9692  327.834 0.00007 0.0000  0.0000
5800    626.421 0.01345 0.00504 -1.1267 0.9692  327.893 0.00007 0.0000  0.0000
6000    626.382 0.01345 0.00504 -1.1267 0.9692  327.950 0.00007 0.0000  0.0000
6200    626.349 0.01345 0.00504 -1.1267 0.9692  328.005 0.00007 0.0000  0.0000
6400    626.324 0.01345 0.00504 -1.1267 0.9692  328.059 0.00007 0.0000  0.0000
6600    626.305 0.01345 0.00504 -1.1267 0.9692  328.111 0.00007 0.0000  0.0000
6800    626.290 0.01345 0.00504 -1.1267 0.9692  328.161 0.00007 0.0000  0.0000
7000    626.281 0.01345 0.00504 -1.1267 0.9692  328.210 0.00007 0.0000  0.0000
7200    626.276 0.01345 0.00504 -1.1267 0.9692  328.257 0.00007 0.0000  0.0000
7400    626.274 0.01345 0.00504 -1.1267 0.9692  328.303 0.00007 0.0000  0.0000
7600    626.276 0.01345 0.00504 -1.1267 0.9692  328.347 0.00007 0.0000  0.0000
7800    626.281 0.01345 0.00504 -1.1267 0.9692  328.391 0.00007 0.0000  0.0000
8000    626.289 0.01345 0.00504 -1.1267 0.9692  328.433 0.00007 0.0000  0.0000
8200    626.299 0.01345 0.00504 -1.1267 0.9692  328.474 0.00007 0.0000  0.0000
8400    626.312 0.01345 0.00504 -1.1267 0.9692  328.515 0.00007 0.0000  0.0000
8600    626.327 0.01345 0.00504 -1.1267 0.9692  328.554 0.00007 0.0000  0.0000
8800    626.344 0.01345 0.00504 -1.1267 0.9692  328.593 0.00007 0.0000  0.0000
9000    626.363 0.01345 0.00504 -1.1267 0.9692  328.631 0.00007 0.0000  0.0000
9200    626.384 0.01345 0.00504 -1.1267 0.9692  328.669 0.00007 0.0000  0.0000
9400    626.407 0.01345 0.00504 -1.1267 0.9692  328.706 0.00007 0.0000  0.0000
9600    626.432 0.01345 0.00504 -1.1267 0.9692  328.743 0.00007 0.0000  0.0000
9800    626.458 0.01345 0.00504 -1.1267 0.9692  328.779 0.00007 0.0000  0.0000
10000   626.486 0.01345 0.00504 -1.1267 0.9692  328.814 0.00007 0.0000  0.0000
10200   626.515 0.01345 0.00504 -1.1267 0.9692  328.850 0.00007 0.0000  0.0000
10400   626.546 0.01345 0.00504 -1.1267 0.9692  328.885 0.00007 0.0000  0.0000
10600   626.578 0.01345 0.00504 -1.1267 0.9692  328.919 0.00007 0.0000  0.0000
