# RSS imaging optics properties
#
# V5, except ydcoll,xdcoll set to zero for debugging poldist. Focal lengths, temp dependence from v1 (FRatio.xlsx)
# poldist_files.xlsx/RSSimgopt_v5
#   mm and degrees
#  dFcoldt  dFcamdt mm/deg
0.0090  0.0067
#   0.99723 adjustment to v1
# Ang   mm          mm  mm  mm      deg deg
# Wavel Fcoll        Acoll   Bcoll  ydcoll  xdcoll   Fcam     acam  alphydcam   alphxdcam
3000    630.097 0.01345 0.00504 0.0000  0.0000  328.768 -0.00228    -0.9696 -0.0055
3200    629.258 0.01345 0.00504 0.0000  0.0000  328.123 -0.00228    -0.9696 -0.0055
3400    628.635 0.01345 0.00504 0.0000  0.0000  327.766 -0.00228    -0.9696 -0.0055
3600    628.161 0.01345 0.00504 0.0000  0.0000  327.576 -0.00228    -0.9696 -0.0055
3800    627.792 0.01345 0.00504 0.0000  0.0000  327.486 -0.00228    -0.9696 -0.0055
4000    627.500 0.01345 0.00504 0.0000  0.0000  327.458 -0.00228    -0.9696 -0.0055
4200    627.266 0.01345 0.00504 0.0000  0.0000  327.466 -0.00228    -0.9696 -0.0055
4400    627.077 0.01345 0.00504 0.0000  0.0000  327.498 -0.00228    -0.9696 -0.0055
4600    626.922 0.01345 0.00504 0.0000  0.0000  327.544 -0.00228    -0.9696 -0.0055
4800    626.794 0.01345 0.00504 0.0000  0.0000  327.597 -0.00228    -0.9696 -0.0055
5000    626.689 0.01345 0.00504 0.0000  0.0000  327.655 -0.00228    -0.9696 -0.0055
5200    626.602 0.01345 0.00504 0.0000  0.0000  327.715 -0.00228    -0.9696 -0.0055
5400    626.530 0.01345 0.00504 0.0000  0.0000  327.775 -0.00228    -0.9696 -0.0055
5600    626.470 0.01345 0.00504 0.0000  0.0000  327.834 -0.00228    -0.9696 -0.0055
5800    626.421 0.01345 0.00504 0.0000  0.0000  327.893 -0.00228    -0.9696 -0.0055
6000    626.382 0.01345 0.00504 0.0000  0.0000  327.950 -0.00228    -0.9696 -0.0055
6200    626.349 0.01345 0.00504 0.0000  0.0000  328.005 -0.00228    -0.9696 -0.0055
6400    626.324 0.01345 0.00504 0.0000  0.0000  328.059 -0.00228    -0.9696 -0.0055
6600    626.305 0.01345 0.00504 0.0000  0.0000  328.111 -0.00228    -0.9696 -0.0055
6800    626.290 0.01345 0.00504 0.0000  0.0000  328.161 -0.00228    -0.9696 -0.0055
7000    626.281 0.01345 0.00504 0.0000  0.0000  328.210 -0.00228    -0.9696 -0.0055
7200    626.276 0.01345 0.00504 0.0000  0.0000  328.257 -0.00228    -0.9696 -0.0055
7400    626.274 0.01345 0.00504 0.0000  0.0000  328.303 -0.00228    -0.9696 -0.0055
7600    626.276 0.01345 0.00504 0.0000  0.0000  328.347 -0.00228    -0.9696 -0.0055
7800    626.281 0.01345 0.00504 0.0000  0.0000  328.391 -0.00228    -0.9696 -0.0055
8000    626.289 0.01345 0.00504 0.0000  0.0000  328.433 -0.00228    -0.9696 -0.0055
8200    626.299 0.01345 0.00504 0.0000  0.0000  328.474 -0.00228    -0.9696 -0.0055
8400    626.312 0.01345 0.00504 0.0000  0.0000  328.515 -0.00228    -0.9696 -0.0055
8600    626.327 0.01345 0.00504 0.0000  0.0000  328.554 -0.00228    -0.9696 -0.0055
8800    626.344 0.01345 0.00504 0.0000  0.0000  328.593 -0.00228    -0.9696 -0.0055
9000    626.363 0.01345 0.00504 0.0000  0.0000  328.631 -0.00228    -0.9696 -0.0055
9200    626.384 0.01345 0.00504 0.0000  0.0000  328.669 -0.00228    -0.9696 -0.0055
9400    626.407 0.01345 0.00504 0.0000  0.0000  328.706 -0.00228    -0.9696 -0.0055
9600    626.432 0.01345 0.00504 0.0000  0.0000  328.743 -0.00228    -0.9696 -0.0055
9800    626.458 0.01345 0.00504 0.0000  0.0000  328.779 -0.00228    -0.9696 -0.0055
10000   626.486 0.01345 0.00504 0.0000  0.0000  328.814 -0.00228    -0.9696 -0.0055
10200   626.515 0.01345 0.00504 0.0000  0.0000  328.850 -0.00228    -0.9696 -0.0055
10400   626.546 0.01345 0.00504 0.0000  0.0000  328.885 -0.00228    -0.9696 -0.0055
10600   626.578 0.01345 0.00504 0.0000  0.0000  328.919 -0.00228    -0.9696 -0.0055
