# RSS imaging optics properties
#
# V7: acam,yxdcam from 20210213 20201001_bsflex_4b. Focal lengths, temp dependence from v6, adjusted to FCam(6000) from ArcModel (FRatio.xlsx)
# poldist_files.xlsx/RSSimgopt_v7
#   mm and degrees
#  dFcoldt  dFcamdt mm/deg
0.0090  0.0067
#       1.00489                                         1.00489 adjustment to v6
# Ang    mm                        mm      mm      mm            deg      deg
# Wavel Fcoll     Acoll   Bcoll  ydcoll  xdcoll   Fcam   acam  alphydcam alphxdcam
3000    633.176 0.01345 0.00504 -1.1267 0.9692  330.374 0.00007 0.0000  0.0000
3200    632.333 0.01345 0.00504 -1.1267 0.9692  329.727 0.00007 0.0000  0.0000
3400    631.707 0.01345 0.00504 -1.1267 0.9692  329.367 0.00007 0.0000  0.0000
3600    631.231 0.01345 0.00504 -1.1267 0.9692  329.177 0.00007 0.0000  0.0000
3800    630.860 0.01345 0.00504 -1.1267 0.9692  329.086 0.00007 0.0000  0.0000
4000    630.567 0.01345 0.00504 -1.1267 0.9692  329.058 0.00007 0.0000  0.0000
4200    630.332 0.01345 0.00504 -1.1267 0.9692  329.067 0.00007 0.0000  0.0000
4400    630.141 0.01345 0.00504 -1.1267 0.9692  329.099 0.00007 0.0000  0.0000
4600    629.986 0.01345 0.00504 -1.1267 0.9692  329.144 0.00007 0.0000  0.0000
4800    629.858 0.01345 0.00504 -1.1267 0.9692  329.198 0.00007 0.0000  0.0000
5000    629.752 0.01345 0.00504 -1.1267 0.9692  329.256 0.00007 0.0000  0.0000
5200    629.664 0.01345 0.00504 -1.1267 0.9692  329.316 0.00007 0.0000  0.0000
5400    629.592 0.01345 0.00504 -1.1267 0.9692  329.377 0.00007 0.0000  0.0000
5600    629.532 0.01345 0.00504 -1.1267 0.9692  329.436 0.00007 0.0000  0.0000
5800    629.483 0.01345 0.00504 -1.1267 0.9692  329.495 0.00007 0.0000  0.0000
6000    629.443 0.01345 0.00504 -1.1267 0.9692  329.552 0.00007 0.0000  0.0000
6200    629.410 0.01345 0.00504 -1.1267 0.9692  329.608 0.00007 0.0000  0.0000
6400    629.385 0.01345 0.00504 -1.1267 0.9692  329.662 0.00007 0.0000  0.0000
6600    629.365 0.01345 0.00504 -1.1267 0.9692  329.714 0.00007 0.0000  0.0000
6800    629.351 0.01345 0.00504 -1.1267 0.9692  329.765 0.00007 0.0000  0.0000
7000    629.342 0.01345 0.00504 -1.1267 0.9692  329.814 0.00007 0.0000  0.0000
7200    629.336 0.01345 0.00504 -1.1267 0.9692  329.861 0.00007 0.0000  0.0000
7400    629.335 0.01345 0.00504 -1.1267 0.9692  329.907 0.00007 0.0000  0.0000
7600    629.337 0.01345 0.00504 -1.1267 0.9692  329.952 0.00007 0.0000  0.0000
7800    629.342 0.01345 0.00504 -1.1267 0.9692  329.996 0.00007 0.0000  0.0000
8000    629.349 0.01345 0.00504 -1.1267 0.9692  330.038 0.00007 0.0000  0.0000
8200    629.360 0.01345 0.00504 -1.1267 0.9692  330.080 0.00007 0.0000  0.0000
8400    629.373 0.01345 0.00504 -1.1267 0.9692  330.120 0.00007 0.0000  0.0000
8600    629.388 0.01345 0.00504 -1.1267 0.9692  330.160 0.00007 0.0000  0.0000
8800    629.405 0.01345 0.00504 -1.1267 0.9692  330.199 0.00007 0.0000  0.0000
9000    629.424 0.01345 0.00504 -1.1267 0.9692  330.237 0.00007 0.0000  0.0000
9200    629.446 0.01345 0.00504 -1.1267 0.9692  330.275 0.00007 0.0000  0.0000
9400    629.469 0.01345 0.00504 -1.1267 0.9692  330.312 0.00007 0.0000  0.0000
9600    629.493 0.01345 0.00504 -1.1267 0.9692  330.349 0.00007 0.0000  0.0000
9800    629.520 0.01345 0.00504 -1.1267 0.9692  330.385 0.00007 0.0000  0.0000
10000   629.548 0.01345 0.00504 -1.1267 0.9692  330.421 0.00007 0.0000  0.0000
10200   629.577 0.01345 0.00504 -1.1267 0.9692  330.457 0.00007 0.0000  0.0000
10400   629.608 0.01345 0.00504 -1.1267 0.9692  330.492 0.00007 0.0000  0.0000
10600   629.640 0.01345 0.00504 -1.1267 0.9692  330.527 0.00007 0.0000  0.0000
