# poleff/et21b_moon0 c0,cy1,cx1_shtrcor_qucor_pacor 20241015
#  pacor    20250217_pacalcorrect.txt
#  calPA   90.00
#  useshuttercor
#  wpcor   11.25
#  grang0 16.625
#  fovYX    0.00   0.00
#  offyx   -0.0000  -0.0000
#      y           0          2          0          1          0          1          0
#      x           0          0          2          1          0          0          1
#      r           0          0          0          0          3          0          0
     3.38     -0.095      0.000      0.000      0.000      0.000      0.327     -0.050
  3200.00      0.000      0.000      0.000      0.000      0.000      0.000      0.000
  3300.00      0.000      0.000      0.000      0.000      0.000      0.000      0.000
  3400.00      0.000      0.000      0.000      0.000      0.000      0.000      0.000
  3487.50      0.000      0.000      0.000      0.000      0.000      0.000      0.000
  3550.00      0.000      0.000      0.000      0.000      0.000      0.000      0.000
  3600.00     93.774      4.885     -1.033      8.424     -4.840      3.564     22.208
  3650.00     93.987      6.015     -2.177     10.501     -4.832      3.628     14.946
  3700.00     92.429      6.467     -2.611     11.969     -4.871      4.584     18.182
  3750.00     91.583      5.993     -2.104     12.278     -4.906      4.503     19.951
  3800.00     92.774      5.012     -1.158     11.675     -4.860      2.855     15.682
  3850.00     94.276      4.206     -0.442     10.798     -4.736      1.967     11.829
  3900.00     95.077      3.987     -0.356     10.279     -4.579      1.538     10.121
  3950.00     95.616      4.404     -0.863     10.412     -4.460      1.418      8.710
  4000.00     96.084      5.131     -1.671     11.073     -4.372      1.316      7.183
  4050.00     96.729      5.750     -2.335     11.874     -4.322      1.554      5.907
  4100.00     97.113      5.926     -2.525     12.428     -4.300      1.729      5.569
  4150.00     97.219      5.562     -2.191     12.522     -4.261      1.663      5.714
  4200.00     97.225      4.852     -1.530     12.132     -4.190      1.571      5.832
  4250.00     97.204      4.094     -0.860     11.384     -4.069      1.392      5.847
  4300.00     97.224      3.546     -0.436     10.528     -3.912      1.097      5.630
  4350.00     97.314      3.351     -0.364      9.836     -3.753      0.999      5.118
  4400.00     97.521      3.508     -0.631      9.482     -3.613      0.908      4.318
  4450.00     97.768      3.909     -1.129      9.490     -3.496      1.037      3.754
  4500.00     97.928      4.392     -1.693      9.759     -3.402      1.227      3.626
  4550.00      0.000      0.000      0.000      0.000      0.000      0.000      0.000
  4600.00     97.958      4.972     -2.365     10.406     -3.280      1.567      4.109
  4650.00     97.953      4.876     -2.308     10.482     -3.227      1.620      4.300
  4700.00     97.948      4.534     -2.015     10.275     -3.165      1.594      4.381
  4750.00     97.949      4.044     -1.580      9.786     -3.088      1.568      4.346
  4800.00     97.977      3.520     -1.124      9.071     -2.995      1.499      4.194
  4850.00     98.040      3.062     -0.754      8.251     -2.882      1.359      3.943
  4900.00     98.118      2.741     -0.527      7.461     -2.764      1.260      3.550
  4950.00     98.218      2.591     -0.466      6.819     -2.651      1.207      3.106
  5012.50     98.346      2.653     -0.631      6.334     -2.518      1.233      2.762
  5100.00     98.419      2.979     -1.069      6.245     -2.378      1.404      2.744
  5200.00     98.437      3.411     -1.612      6.529     -2.241      1.587      2.862
  5300.00     98.450      3.561     -1.842      6.729     -2.137      1.619      2.857
  5400.00     98.493      3.274     -1.631      6.414     -2.044      1.527      2.734
  5500.00     98.538      2.675     -1.101      5.486     -1.951      1.393      2.568
  5600.00      0.000      0.000      0.000      0.000      0.000      0.000      0.000
  5700.00     98.908      1.477     -0.077      2.948     -1.731      1.094      1.911
  5800.00     99.000      1.198      0.117      2.085     -1.627      1.027      1.662
  5900.00     99.027      1.160      0.081      1.711     -1.535      1.082      1.624
  6000.00     98.990      1.277     -0.100      1.717     -1.454      1.120      1.582
  6100.00     98.943      1.425     -0.311      1.891     -1.377      1.017      1.395
  6200.00     98.918      1.503     -0.443      2.022     -1.309      0.856      1.256
  6300.00     98.913      1.444     -0.428      1.958     -1.252      0.632      1.086
  6400.00     98.897      1.234     -0.258      1.633     -1.203      0.513      0.991
  6500.00     98.934      0.903      0.043      1.057     -1.165      0.360      0.921
  6600.00     98.974      0.500      0.412      0.309     -1.128      0.265      0.776
  6700.00     98.944      0.092      0.794     -0.498     -1.097      0.149      0.663
  6800.00     98.901     -0.272      1.133     -1.242     -1.069      0.041      0.607
  6900.00     98.852     -0.558      1.395     -1.827     -1.044     -0.099      0.607
  7025.00     98.674     -0.751      1.575     -2.221     -1.025     -0.225      0.587
  7200.00     98.404     -0.840      1.637     -2.377     -0.991     -0.417      0.505
  7400.00     98.203     -0.747      1.500     -2.167     -0.939     -0.661      0.433
  7600.00     98.128     -0.656      1.365     -1.995     -0.880     -0.912      0.393
  7800.00     97.962     -0.712      1.376     -2.117     -0.823     -1.112      0.449
  8000.00     97.950     -0.919      1.549     -2.529     -0.783     -1.280      0.397
  8200.00     98.126     -1.292      1.897     -3.287     -0.757     -1.423      0.293
  8400.00     98.087     -1.658      2.262     -4.062     -0.754     -1.406      0.239
  8600.00     98.098     -1.963      2.569     -4.724     -0.759     -1.435      0.256
  8800.00     98.055     -2.133      2.753     -5.138     -0.773     -1.508      0.242
  9000.00      0.000      0.000      0.000      0.000      0.000      0.000      0.000
  9200.00      0.000      0.000      0.000      0.000      0.000      0.000      0.000
  9400.00      0.000      0.000      0.000      0.000      0.000      0.000      0.000
  9600.00      0.000      0.000      0.000      0.000      0.000      0.000      0.000
  9800.00      0.000      0.000      0.000      0.000      0.000      0.000      0.000
     3.38      0.000      0.000      0.000      0.000      0.000      0.141     -0.112
  3200.00      0.000      0.000      0.000      0.000      0.000      0.000      0.000
  3300.00      0.000      0.000      0.000      0.000      0.000      0.000      0.000
  3400.00      0.000      0.000      0.000      0.000      0.000      0.000      0.000
  3487.50      0.000      0.000      0.000      0.000      0.000      0.000      0.000
  3550.00      0.000      0.000      0.000      0.000      0.000      0.000      0.000
  3600.00     33.520      2.781     -4.013     -1.543      1.621     -0.090      8.710
  3650.00     32.594      2.933     -4.137     -0.901      1.587     -0.561     10.317
  3700.00     32.545      3.231     -4.406     -0.414      1.553     -0.443     11.223
  3750.00     32.461      3.537     -4.687     -0.422      1.524      0.085     11.711
  3800.00     31.519      3.703     -4.837     -0.870      1.501     -0.312     11.843
  3850.00     30.590      3.697     -4.805     -1.382      1.469     -1.005     11.233
  3900.00     30.321      3.579     -4.655     -1.608      1.427     -1.199     10.755
  3950.00     30.092      3.447     -4.490     -1.428      1.384     -1.242     10.516
  4000.00     29.796      3.387     -4.400     -0.941      1.344     -1.320      9.746
  4050.00     29.666      3.433     -4.414     -0.374      1.306     -1.140      8.249
  4100.00     29.822      3.551     -4.507      0.012      1.273     -0.719      6.899
  4150.00     30.044      3.673     -4.611      0.050      1.250     -0.374      6.453
  4200.00     30.143      3.734     -4.657     -0.245      1.230     -0.338      6.734
  4250.00     30.200      3.703     -4.608     -0.707      1.208     -0.486      7.287
  4300.00     30.356      3.583     -4.468     -1.130      1.179     -0.736      7.684
  4350.00     30.595      3.411     -4.268     -1.366      1.143     -0.928      7.746
  4400.00     30.947      3.228     -4.056     -1.363      1.105     -0.959      7.072
  4450.00     31.417      3.075     -3.879     -1.149      1.072     -0.747      5.751
  4500.00     31.955      2.982     -3.764     -0.806      1.044     -0.373      4.491
  4550.00      0.000      0.000      0.000      0.000      0.000      0.000      0.000
  4600.00     33.062      2.974     -3.720     -0.157      0.996      0.590      3.312
  4650.00     33.255      3.019     -3.749     -0.032      0.977      0.700      3.592
  4700.00     33.357      3.055     -3.771     -0.089      0.960      0.595      4.097
  4750.00     33.474      3.055     -3.758     -0.297      0.942      0.409      4.660
  4800.00     33.685      3.005     -3.695     -0.589      0.924      0.153      5.080
  4850.00     34.002      2.901     -3.575     -0.887      0.901     -0.080      5.279
  4900.00     34.432      2.754     -3.407     -1.131      0.874     -0.243      5.197
  4950.00     34.968      2.576     -3.211     -1.282      0.848     -0.320      4.704
  5012.50     35.846      2.335     -2.944     -1.309      0.814     -0.218      3.455
  5100.00     37.028      2.087     -2.670     -1.137      0.779      0.235      2.003
  5200.00     38.116      1.919     -2.478     -0.798      0.746      0.831      1.307
  5300.00     38.580      1.891     -2.429     -0.519      0.719      1.051      1.602
  5400.00     38.751      1.923     -2.443     -0.452      0.693      0.912      2.317
  5500.00     38.974      1.915     -2.415     -0.599      0.665      0.635      3.034
  5600.00      0.000      0.000      0.000      0.000      0.000      0.000      0.000
  5700.00     40.207      1.573     -2.029     -1.064      0.601      0.129      3.119
  5800.00     41.184      1.278     -1.711     -1.172      0.570      0.068      2.127
  5900.00     42.279      0.982     -1.398     -1.152      0.543      0.252      0.955
  6000.00     43.220      0.748     -1.147     -1.033      0.520      0.545      0.240
  6100.00     43.754      0.604     -0.989     -0.863      0.501      0.698      0.086
  6200.00     43.884      0.552     -0.924     -0.692      0.482      0.771      0.213
  6300.00     43.775      0.563     -0.923     -0.559      0.465      0.690      0.511
  6400.00     43.565      0.598     -0.948     -0.486      0.448      0.618      0.925
  6500.00     43.379      0.617     -0.957     -0.475      0.433      0.448      1.491
  6600.00     43.286      0.589     -0.920     -0.513      0.418      0.317      1.801
  6700.00     43.316      0.500     -0.822     -0.579      0.405      0.152      1.964
  6800.00     43.499      0.351     -0.667     -0.651      0.393     -0.045      1.878
  6900.00     43.826      0.158     -0.468     -0.709      0.383     -0.208      1.507
  7025.00     44.275     -0.083     -0.220     -0.737      0.373     -0.234      0.928
  7200.00     44.831     -0.454      0.161     -0.688      0.356      0.024      0.285
  7400.00     44.737     -0.707      0.424     -0.528      0.339      0.294      0.170
  7600.00     44.003     -0.780      0.511     -0.337      0.320      0.366      0.370
  7800.00     42.878     -0.732      0.476     -0.198      0.301      0.321      0.724
  8000.00     41.717     -0.664      0.417     -0.163      0.285      0.236      1.146
  8200.00     40.341     -0.641      0.401     -0.242      0.271      0.099      1.583
  8400.00     39.209     -0.716      0.483     -0.404      0.262     -0.073      1.645
  8600.00     38.589     -0.883      0.653     -0.597      0.255     -0.285      1.190
  8800.00     38.454     -1.087      0.862     -0.756      0.249     -0.402      0.576
  9000.00      0.000      0.000      0.000      0.000      0.000      0.000      0.000
  9200.00      0.000      0.000      0.000      0.000      0.000      0.000      0.000
  9400.00      0.000      0.000      0.000      0.000      0.000      0.000      0.000
  9600.00      0.000      0.000      0.000      0.000      0.000      0.000      0.000
  9800.00      0.000      0.000      0.000      0.000      0.000      0.000      0.000
