# poleff/et21b_lamp spHeffcal 20220917  comb_smallgrid
#  calPA    90.00
#  YXnorm   30.00
#  Grang0   16.62
#     GY           0          1          0          1
#     GX           0          0          1          1
#           -0.00674    0.07009    0.00633   -0.00974
#      1           0          0          0          0          1          0          0          0          0          0          0          0          1          0          0          0          0          0          0          0          1          0          0          0          0          0          0          0          1          0          0          0          0          0          0          0
#      2           0          0          0          0          0          1          0          0          0          0          0          0          0          1          0          0          0          0          0          0          0          1          0          0          0          0          0          0          0          1          0          0          0          0          0          0
#      3           0          0          0          0          0          0          1          0          0          0          0          0          0          0          1          0          0          0          0          0          0          0          1          0          0          0          0          0          0          0          1          0          0          0          0          0
#      4           0          0          0          0          0          0          0          1          0          0          0          0          0          0          0          1          0          0          0          0          0          0          0          1          0          0          0          0          0          0          0          1          0          0          0          0
#      5           0          0          0          0          0          0          0          0          1          0          0          0          0          0          0          0          1          0          0          0          0          0          0          0          1          0          0          0          0          0          0          0          1          0          0          0
#      6           0          0          0          0          0          0          0          0          0          1          0          0          0          0          0          0          0          1          0          0          0          0          0          0          0          1          0          0          0          0          0          0          0          1          0          0
#      7           0          0          0          0          0          0          0          0          0          0          1          0          0          0          0          0          0          0          1          0          0          0          0          0          0          0          1          0          0          0          0          0          0          0          1          0
#      8           0          0          0          0          0          0          0          0          0          0          0          1          0          0          0          0          0          0          0          1          0          0          0          0          0          0          0          1          0          0          0          0          0          0          0          1
#      Y           0          1          0          1          0          0          0          0          0          0          0          0          1          1          1          1          1          1          1          1          0          0          0          0          0          0          0          0          1          1          1          1          1          1          1          1
#      X           0          0          1          1          0          0          0          0          0          0          0          0          0          0          0          0          0          0          0          0          1          1          1          1          1          1          1          1          1          1          1          1          1          1          1          1
  3200.00      0.000      0.000      0.000      0.000      0.000      0.000      0.000      0.000      0.000      0.000      0.000      0.000      0.000      0.000      0.000      0.000      0.000      0.000      0.000      0.000      0.000      0.000      0.000      0.000      0.000      0.000      0.000      0.000      0.000      0.000      0.000      0.000      0.000      0.000      0.000      0.000
  3300.00      0.000      0.000      0.000      0.000      0.000      0.000      0.000      0.000      0.000      0.000      0.000      0.000      0.000      0.000      0.000      0.000      0.000      0.000      0.000      0.000      0.000      0.000      0.000      0.000      0.000      0.000      0.000      0.000      0.000      0.000      0.000      0.000      0.000      0.000      0.000      0.000
  3400.00      0.000      0.000      0.000      0.000      0.000      0.000      0.000      0.000      0.000      0.000      0.000      0.000      0.000      0.000      0.000      0.000      0.000      0.000      0.000      0.000      0.000      0.000      0.000      0.000      0.000      0.000      0.000      0.000      0.000      0.000      0.000      0.000      0.000      0.000      0.000      0.000
  3500.00      0.000      0.000      0.000      0.000      0.000      0.000      0.000      0.000      0.000      0.000      0.000      0.000      0.000      0.000      0.000      0.000      0.000      0.000      0.000      0.000      0.000      0.000      0.000      0.000      0.000      0.000      0.000      0.000      0.000      0.000      0.000      0.000      0.000      0.000      0.000      0.000
  3550.00      0.000      0.000      0.000      0.000      0.000      0.000      0.000      0.000      0.000      0.000      0.000      0.000      0.000      0.000      0.000      0.000      0.000      0.000      0.000      0.000      0.000      0.000      0.000      0.000      0.000      0.000      0.000      0.000      0.000      0.000      0.000      0.000      0.000      0.000      0.000      0.000
  3600.00      0.000      0.000      0.000      0.000      0.000      0.000      0.000      0.000      0.000      0.000      0.000      0.000      0.000      0.000      0.000      0.000      0.000      0.000      0.000      0.000      0.000      0.000      0.000      0.000      0.000      0.000      0.000      0.000      0.000      0.000      0.000      0.000      0.000      0.000      0.000      0.000
  3650.00      0.000      0.000      0.000      0.000      0.000      0.000      0.000      0.000      0.000      0.000      0.000      0.000      0.000      0.000      0.000      0.000      0.000      0.000      0.000      0.000      0.000      0.000      0.000      0.000      0.000      0.000      0.000      0.000      0.000      0.000      0.000      0.000      0.000      0.000      0.000      0.000
  3700.00      0.000      0.000      0.000      0.000      0.000      0.000      0.000      0.000      0.000      0.000      0.000      0.000      0.000      0.000      0.000      0.000      0.000      0.000      0.000      0.000      0.000      0.000      0.000      0.000      0.000      0.000      0.000      0.000      0.000      0.000      0.000      0.000      0.000      0.000      0.000      0.000
  3750.00      0.000      0.000      0.000      0.000      0.000      0.000      0.000      0.000      0.000      0.000      0.000      0.000      0.000      0.000      0.000      0.000      0.000      0.000      0.000      0.000      0.000      0.000      0.000      0.000      0.000      0.000      0.000      0.000      0.000      0.000      0.000      0.000      0.000      0.000      0.000      0.000
  3800.00      0.000      0.000      0.000      0.000      0.000      0.000      0.000      0.000      0.000      0.000      0.000      0.000      0.000      0.000      0.000      0.000      0.000      0.000      0.000      0.000      0.000      0.000      0.000      0.000      0.000      0.000      0.000      0.000      0.000      0.000      0.000      0.000      0.000      0.000      0.000      0.000
  3850.00      0.000      0.000      0.000      0.000      0.000      0.000      0.000      0.000      0.000      0.000      0.000      0.000      0.000      0.000      0.000      0.000      0.000      0.000      0.000      0.000      0.000      0.000      0.000      0.000      0.000      0.000      0.000      0.000      0.000      0.000      0.000      0.000      0.000      0.000      0.000      0.000
  3900.00      0.000      0.000      0.000      0.000      0.000      0.000      0.000      0.000      0.000      0.000      0.000      0.000      0.000      0.000      0.000      0.000      0.000      0.000      0.000      0.000      0.000      0.000      0.000      0.000      0.000      0.000      0.000      0.000      0.000      0.000      0.000      0.000      0.000      0.000      0.000      0.000
  3950.00      0.000      0.000      0.000      0.000      0.000      0.000      0.000      0.000      0.000      0.000      0.000      0.000      0.000      0.000      0.000      0.000      0.000      0.000      0.000      0.000      0.000      0.000      0.000      0.000      0.000      0.000      0.000      0.000      0.000      0.000      0.000      0.000      0.000      0.000      0.000      0.000
  4000.00     94.514      2.611     -5.943     -1.391    -33.927   -255.534   -184.784     25.593   -328.424    -19.808   -239.812   -162.379     71.140    202.335    243.734     76.653    343.907     43.051    238.903    262.696    296.943    147.410    -28.130    102.036    123.284    -51.458    478.502   -274.727   -585.767   -278.328    291.681   -450.535     78.812     -4.545   -791.923    675.798
  4050.00     96.740      1.403      0.557     -1.414      2.284    -18.630     38.493     -5.660     21.613      2.869    -28.719     43.961     15.367    -10.349     12.914     -3.360    -36.340     15.817    -11.890    -22.470     -6.184     14.558      8.778     -1.932     -9.004     41.355    -25.692     18.244      0.476     23.108     -0.901    -13.821     27.089     22.715    -34.018     18.262
  4100.00     97.094      2.080      0.453     -0.460     10.169    -12.580     47.588     -3.442     27.025     17.697    -30.472     46.849     29.147    -22.966     17.445      0.092    -41.479     25.250    -20.613    -23.920     -3.070      4.977     11.808     -6.374    -13.508     36.260    -21.327      6.526     25.336      1.307     32.565    -22.158     35.880     26.232    -22.933     11.459
  4150.00     97.091      2.412      0.427      0.109     11.268     -8.676     46.690     -2.627     27.687     20.290    -26.761     43.633     26.568    -27.782     18.714     -3.857    -42.064     25.661    -29.837    -18.825     -3.977      3.414     12.066     -8.167    -13.561     31.519    -17.665      1.507     31.321     -0.050     42.137    -21.528     38.351     33.779    -24.485     15.838
  4200.00     97.128      2.460      0.352      0.123     10.043     -9.144     45.672     -4.419     25.789     21.857    -30.585     43.400     25.019    -26.830     17.923     -3.966    -41.238     26.419    -31.555    -15.789     -6.511      1.751      8.992     -9.157    -15.374     26.523    -15.462     -3.960     34.369     -1.789     51.609    -24.112     39.988     39.325    -27.727     20.225
  4250.00     97.529      2.690      0.556      0.565      7.218    -11.808     52.228    -11.904     26.213     31.405    -52.228     53.914     33.608    -19.829     27.623     -0.744    -34.154     35.401    -27.286     -8.177     -7.046      4.008     13.550    -12.855    -13.282     26.149    -11.597     -7.119     34.329    -10.092     61.228    -22.330     35.120     49.703    -49.100     35.056
  4300.00     97.218      2.042      0.426     -0.273      8.679     -8.584     41.809     -5.729     22.750     21.203    -31.214     41.914     24.378    -18.688     15.793     -5.168    -36.306     22.526    -20.109    -19.689     -6.347      2.594      4.820     -6.121    -16.892     23.669    -14.960     -5.074     24.594     -0.909     39.407    -20.567     29.995     35.449    -33.724     17.178
  4350.00     97.317      1.894      0.357     -0.843      7.170    -10.630     38.814     -3.378     20.934     18.009    -31.667     43.070     24.128    -15.708     15.349     -3.859    -33.728     21.339    -15.116    -22.182     -6.417      4.044      1.834     -4.845    -17.256     24.873    -15.383     -3.346     18.500      0.094     26.608    -18.219     22.546     33.003    -38.921     15.608
  4400.00     97.494      1.851      0.396     -0.991      5.473    -11.823     36.637     -2.824     19.368     16.479    -33.962     43.204     24.421    -15.345     16.534     -1.758    -31.399     21.270    -13.012    -21.653     -4.994      3.305      1.719     -5.913    -17.169     25.167    -15.322     -2.887     14.737     -0.607     20.724    -20.792     19.255     29.277    -40.623     13.199
  4450.00     97.744      1.955      0.424     -0.883      5.609    -11.589     37.128     -2.826     20.776     15.831    -33.663     42.199     25.407    -15.590     20.036      0.115    -27.375     22.109    -11.709    -18.977     -3.145      1.552      2.179     -7.036    -17.969     25.360    -14.384     -3.686     15.835     -1.342     21.337    -22.837     20.155     27.214    -34.801      9.738
  4500.00     97.970      2.226      0.426     -0.623      5.453    -10.083     38.481     -2.517     22.454     17.766    -35.071     42.778     29.936    -15.412     24.744      4.073    -23.356     26.984    -11.000    -14.025     -1.799     -0.233      4.889     -8.327    -17.618     24.109    -10.459     -4.540     18.211     -5.729     28.320    -25.539     24.247     24.521    -28.201      7.376
  4550.00     97.970      2.507      0.405     -0.326      6.971     -7.758     39.202     -2.300     23.386     19.072    -32.164     40.010     32.379    -14.924     26.976      6.122    -20.683     29.402    -10.448     -9.367      0.763     -0.235      6.950     -7.377    -15.528     21.679     -3.610     -6.880     19.616    -10.028     33.016    -26.083     25.383     23.657    -25.757      7.083
  4600.00     97.948      2.730      0.449     -0.243      7.695     -7.574     39.420     -2.243     22.693     19.413    -30.633     38.214     30.690    -15.832     28.394      4.122    -19.333     30.071    -13.577     -6.647      1.369     -0.979     10.089     -7.688    -13.106     20.728     -2.473     -5.514     18.319    -10.133     34.192    -26.496     25.087     24.310    -26.787      8.160
  4650.00     97.932      2.732      0.440     -0.285      7.853     -7.006     37.658     -1.306     21.819     19.129    -28.927     36.996     29.944    -16.553     26.710      3.691    -20.115     29.270    -14.265     -6.399      1.823      0.016     11.139     -6.733    -11.275     19.863     -0.469     -5.175     17.679     -9.956     32.348    -23.948     23.918     25.561    -29.415     11.026
  4700.00     97.925      2.611      0.483     -0.368      8.363     -7.067     36.475     -1.133     20.881     18.604    -26.901     35.539     27.842    -17.092     24.963      1.513    -21.092     27.035    -13.828     -8.356      1.654      0.325     11.450     -6.173    -10.382     19.331     -0.746     -4.735     17.023    -10.946     32.879    -23.175     23.355     24.783    -30.176     12.476
  4750.00     97.929      2.455      0.537     -0.393      8.795     -6.424     34.795     -0.984     20.112     18.499    -25.151     34.276     24.656    -16.819     21.626     -0.756    -21.738     23.749    -14.129     -9.990      1.579      0.552     10.508     -4.780    -10.005     18.138     -0.892     -4.354     14.301     -8.183     29.362    -21.378     22.011     24.605    -31.106     13.620
  4800.00     97.995      2.307      0.581     -0.485      8.410     -5.445     32.362     -0.600     18.700     18.745    -25.483     34.042     20.379    -16.077     19.020     -2.532    -20.967     18.402    -11.882    -11.055     -0.116      2.158      7.010     -3.992     -9.956     14.961      1.363     -6.223     13.261     -6.113     30.281    -20.534     21.246     26.811    -32.801     17.294
  4850.00     98.054      2.193      0.548     -0.851      9.029     -6.982     32.343     -0.433     18.519     16.687    -22.897     33.295     18.730    -15.911     16.768     -3.096    -21.520     16.513    -11.509    -13.469     -0.638      1.110      5.625     -3.440    -10.985     15.028     -0.552     -5.140     11.928     -3.871     24.787    -19.455     18.595     24.911    -30.242     12.273
  4900.00     98.163      2.094      0.563     -0.953      8.939     -6.958     31.007      0.149     17.439     16.311    -23.343     33.324     18.422    -13.817     17.306     -3.594    -19.900     15.336     -7.416    -15.399     -0.588      2.052      3.559     -2.598    -10.947     14.419      0.086     -5.161      8.442     -3.465     19.919    -19.526     16.012     22.698    -31.824     11.291
  4950.00     98.311      2.091      0.588     -1.033      8.992     -7.005     30.449      0.486     17.232     15.373    -22.724     32.753     17.348    -13.441     18.185     -4.314    -18.734     15.872     -9.361    -14.514     -1.976      0.823      2.838     -4.769    -12.152     14.281     -2.443     -4.704      8.127     -2.494     17.289    -20.101     14.819     20.439    -28.214      7.950
  5000.00     98.415      2.070      0.591     -0.849      9.083     -5.403     30.826      0.251     18.501     14.381    -19.528     30.977     16.177    -12.131     16.423     -2.680    -18.102     15.654     -9.504    -13.786     -1.023      0.980      2.636     -4.163    -12.355     14.907     -2.865     -3.647      7.023     -2.616     15.359    -21.041     13.763     16.998    -24.558      4.486
  5100.00     98.551      2.136      0.548     -0.529      8.617     -5.081     28.939      1.119     17.902     12.682    -16.662     27.193     18.638     -8.138     16.193      1.211    -15.854     22.199    -13.146     -8.567      1.804     -1.592      3.928     -4.222    -12.082     14.260     -1.376     -3.018      6.951     -2.785     14.668    -21.414     13.259     16.302    -22.672      1.918
  5200.00     98.538      2.207      0.571     -0.400      8.675     -4.992     26.486      1.397     16.132     10.461    -12.046     21.943     20.148     -7.302     18.112      0.911    -13.318     25.812    -16.390     -4.490      4.075     -2.344      6.175     -3.871    -10.014     14.242     -1.244     -1.484      7.926     -2.915     14.943    -20.380     11.335     17.610    -22.999      0.852
  5300.00     98.535      2.153      0.612     -0.508      9.952     -5.366     25.472      2.229     14.900      9.959     -9.347     19.743     19.199     -7.504     17.651      0.341    -13.402     25.647    -16.824     -3.995      5.479     -2.406      8.026     -2.995     -7.861     13.623     -0.455      0.171      8.162     -4.403     15.662    -19.795     11.072     16.799    -21.583      0.389
  5400.00     98.635      2.149      0.638     -0.607     11.795     -5.361     26.001      4.067     14.610     12.125    -10.328     21.955     17.976    -10.037     17.369     -0.793    -13.476     21.025    -12.414     -6.964      7.590     -0.581     11.026     -2.394     -4.223     13.028      3.750      0.380      8.928     -6.049     16.115    -17.558     11.163     16.865    -20.540      2.330
  5500.00     98.677      2.013      0.618     -0.754     12.181     -5.373     25.781      3.498     14.238     11.835     -9.136     21.229     14.750    -11.707     16.122     -3.130    -13.559     16.239    -10.696     -8.653      6.289      0.050     10.031     -2.052     -3.350     10.056      5.999     -1.047      7.670     -7.419     16.695    -17.397     10.876     14.752    -18.423      2.140
  5600.00     98.896      1.786      0.619     -0.908     11.072     -6.499     24.254      1.761     13.216     10.425    -10.900     20.495     12.590    -11.455     14.012     -2.150    -14.323     13.822     -8.619     -9.335      4.342     -0.368      5.654     -2.549     -6.575      8.095      4.860     -3.685      8.870     -6.183     19.506    -17.757     14.047     14.597    -15.662      3.750
  5700.00     99.055      1.637      0.561     -0.883      9.997     -6.685     22.972      0.864     12.271      9.901    -12.604     19.774     11.589    -11.162     13.450     -0.196    -12.666     11.022     -5.817     -8.339      3.566     -0.383      3.773     -3.134     -7.516      6.358      6.096     -5.610      8.134     -6.093     19.272    -17.894     14.259     13.355    -13.716      4.277
  5800.00     99.163      1.516      0.484     -0.704      8.655     -7.434     21.728      0.313     11.112      8.940    -14.160     18.476     11.627    -10.801     13.805      2.747    -10.888     10.933     -5.048     -5.480      4.640     -0.546      3.308     -3.244     -7.857      7.071      6.341     -5.847      7.865     -6.519     19.113    -18.656     14.293     11.900    -10.695      2.703
  5900.00     99.336      1.430      0.384     -0.334      5.545     -5.836     19.602     -1.937     10.691      7.462    -14.906     16.429     10.877    -10.473     17.870      0.226     -6.809     11.099     -6.196     -1.428      0.193     -2.566     -0.417     -5.608    -12.313      6.025      0.333     -6.843      6.276     -4.777     21.222    -18.128     14.001     14.378    -12.852      4.953
  6000.00     99.329      1.417      0.378     -0.247      3.872     -7.275     17.183     -1.590      8.675      5.260    -15.581     15.304     12.682     -8.610     18.651      2.549     -4.901     14.647     -7.385      1.661      0.361     -3.111      0.252     -6.371    -12.219      8.071     -2.851     -4.132      6.142     -2.941     18.740    -16.010     12.687     15.320    -12.621      4.344
  6100.00     99.280      1.300      0.283     -0.325      3.108     -9.175     15.141     -1.725      6.066      3.573    -15.659     12.873     15.022     -7.872     20.863      4.611     -1.584     15.279     -3.832      3.331      1.658     -3.930      2.031     -6.390     -9.912      6.849      0.206     -4.737      5.951     -5.156     17.464    -15.102     11.101     12.592     -9.077      1.364
  6200.00     99.129      1.178      0.023     -0.354      5.232     -9.986     14.539      0.709      5.123      2.438    -10.994     10.357     15.647     -7.778     18.791      7.037     -2.518     14.674     -1.154      1.634      4.601     -4.792      5.461     -4.877     -5.636      5.024      6.321     -5.067      5.226     -5.480     13.827    -14.193     10.738      8.298     -4.182     -1.926
  6300.00     99.131      1.108     -0.007     -0.349      6.150    -10.305     15.102      1.540      4.808      3.399    -11.754     11.155     16.749     -8.878     20.406      6.570     -1.715     12.863      3.797     -1.366      5.305     -3.680      6.075     -4.609     -3.982      4.840      8.186     -5.052      4.675     -7.829     13.900    -14.473     11.286      4.978     -1.015     -3.618
  6400.00     99.022      1.009     -0.127     -0.260      7.936    -10.240     15.215      3.670      4.612      4.410    -10.324     11.104     15.269    -10.598     19.065      4.999     -3.036     10.089      5.511     -5.015      6.489     -3.592      8.329     -4.055     -0.791      2.770     12.941     -5.398      3.931     -9.452     12.748    -14.799     10.955      2.967     -0.120     -4.528
  6500.00     98.908      0.985     -0.265     -0.134     10.113    -10.411     16.975      4.777      5.119      5.185     -8.243     10.970     13.802    -12.249     18.682      1.454     -4.928      7.535      7.227    -10.423      7.335     -3.451      8.266     -3.305      1.047      0.842     16.978     -7.477      3.857    -11.358     14.265    -16.760      9.685      1.336      0.372     -6.689
  6600.00     98.912      0.960     -0.412      0.021     10.037    -11.729     18.444      4.273      5.844      5.387     -9.976     12.515     12.373    -11.151     15.071      2.296     -7.445      9.422      3.347    -10.484      7.605     -3.929      8.183     -3.239     -0.293      2.268     14.977     -6.692      4.943    -10.604     14.575    -17.692     10.843      1.577      0.104     -6.646
  6700.00     98.802      0.894     -0.436      0.282      9.681    -11.879     18.699      3.315      5.704      5.158     -9.816     11.465     11.148    -10.397     14.082      2.200     -7.359      9.120      2.472     -9.599      7.203     -3.101      7.170     -2.762     -0.542      2.562     14.343     -6.834      4.446    -10.236     14.612    -17.284     10.264      1.168      0.208     -5.813
  6800.00     98.769      0.765     -0.506      0.435      6.783    -13.221     17.520      1.101      4.623      3.951    -13.384     11.221     10.808     -9.746     15.176      2.337     -5.970      9.807      1.503     -7.477      4.615     -3.271      4.350     -4.129     -3.173      2.770     10.704     -7.432      4.220     -9.600     16.068    -17.036      9.756      3.038     -1.765     -3.438
  6900.00     98.571      0.631     -0.463      0.879      5.815    -12.170     16.513     -0.615      4.179      2.988    -12.037      8.382      7.956     -8.974     14.148     -0.131     -6.097      9.710     -2.492     -6.208      2.524     -4.509      2.203     -4.944     -5.403      2.253      6.745     -7.706      3.916     -8.143     16.466    -17.895      9.147      2.905     -0.823     -4.856
  7000.00     98.303      0.618     -0.452      1.479      5.736    -10.710     16.554     -0.791      4.359      3.275    -11.527      7.752      7.062     -8.694     10.862      0.027     -7.814     10.601     -6.652     -5.411      3.112     -4.061      3.484     -4.543     -4.782      4.169      4.910     -5.696      5.884     -6.974     16.915    -17.063      9.325      2.925      1.572     -6.198
  7200.00     97.808      0.723     -0.217      2.140      4.989     -9.294     13.749     -1.030      2.321      0.860     -8.022      3.708      5.346     -5.377      6.911      0.036     -7.208     13.875    -13.950     -0.853      5.352     -3.493      6.058     -2.276     -2.907      8.357      1.149     -0.956      6.462     -2.204     11.185    -11.853      4.803      3.054      4.367     -9.620
  7400.00     97.465      0.898     -0.116      2.461      7.521     -9.019     15.019     -0.449      1.822      1.832     -5.920      2.081      4.516     -4.613      2.175      1.912     -9.623     15.842    -19.302      0.769      8.209     -3.593      9.377     -0.830     -0.244      9.615      2.901      0.493     10.257     -1.318     11.086    -12.252      3.679      4.489      5.327    -12.487
  7600.00     97.323      0.743      0.093      2.462      6.007     -9.391     15.481     -2.952      1.247      0.157     -4.451     -0.470      4.583     -5.710      7.392     -1.250     -7.522     16.951    -21.493      3.401      3.092     -5.265      5.836     -2.225     -0.619      4.379      2.818     -1.606      8.321     -4.657     15.997    -15.551      4.444      2.789      5.945    -13.093
  7800.00     97.189      0.634      0.026      2.326      8.520     -9.788     16.309     -0.049      1.399      1.575     -3.868      0.466      7.041     -8.284     10.557      0.290     -7.565     16.969    -17.963      2.259      6.728     -4.028      9.555     -1.466      3.862      5.106      7.440     -0.353      9.655     -8.701     16.796    -15.712      5.915     -0.493     10.532    -15.113
  8000.00     97.110      0.605     -0.137      2.276     12.580     -7.997     18.469      4.926      2.764      7.011     -4.879      5.061      9.763    -11.289     11.774      3.161     -8.250     15.144    -11.980     -0.545     11.891     -1.187     16.323      0.210      9.875      7.592     12.791      3.000     10.128    -14.026     16.054    -13.723      5.561     -2.400     10.022    -13.479
  8200.00     97.220      0.278     -0.406      2.026     13.360     -9.335     17.989      4.976      2.883      6.790     -5.404      4.779     14.928    -11.355     12.979      5.899    -11.265     18.420     -7.561     -5.078     10.967     -4.086     11.736     -1.006      4.164      5.877     10.301     -1.100     15.255    -16.722     24.552    -17.989     11.189      0.143      6.817    -10.486
  8400.00     97.445      0.131     -0.510      1.858      8.543     -7.654     17.985      0.534      4.208      5.703     -7.251      5.569     12.777    -13.915     20.485     -1.543     -7.557     15.024     -6.708     -4.371      0.079     -5.140      2.502     -4.397     -3.589      2.069      1.913     -4.878      9.476    -13.666     21.934    -15.859      8.203      4.739     -3.391     -4.740
  8600.00     97.557     -0.471     -0.355      1.440     -0.084    -10.610      7.662     -3.213     -0.759     -3.913     -5.478     -2.815     11.103     -5.812     19.443      6.114      1.636     16.890     -7.282     11.217     -3.923     -5.838     -1.354     -5.451     -3.378     -4.690      6.083     -8.127      0.172     -6.437     14.927    -12.047     12.162      4.821     -9.294      8.374
  8800.00     97.475     -0.618      0.414      1.235     -5.987    -13.170     -4.274     -1.522     -6.746    -16.537      2.280    -11.474      2.211     -5.960     22.439     -2.839     11.626      9.943     -9.560     17.004     -8.200    -14.565     -3.434     -2.584     -2.589    -13.827     -1.328     -1.305     -8.046     -3.629     12.404    -21.049     13.599     -5.799      8.496     -5.908
  9000.00      0.000      0.000      0.000      0.000      0.000      0.000      0.000      0.000      0.000      0.000      0.000      0.000      0.000      0.000      0.000      0.000      0.000      0.000      0.000      0.000      0.000      0.000      0.000      0.000      0.000      0.000      0.000      0.000      0.000      0.000      0.000      0.000      0.000      0.000      0.000      0.000
  9200.00      0.000      0.000      0.000      0.000      0.000      0.000      0.000      0.000      0.000      0.000      0.000      0.000      0.000      0.000      0.000      0.000      0.000      0.000      0.000      0.000      0.000      0.000      0.000      0.000      0.000      0.000      0.000      0.000      0.000      0.000      0.000      0.000      0.000      0.000      0.000      0.000
  9400.00      0.000      0.000      0.000      0.000      0.000      0.000      0.000      0.000      0.000      0.000      0.000      0.000      0.000      0.000      0.000      0.000      0.000      0.000      0.000      0.000      0.000      0.000      0.000      0.000      0.000      0.000      0.000      0.000      0.000      0.000      0.000      0.000      0.000      0.000      0.000      0.000
  9600.00      0.000      0.000      0.000      0.000      0.000      0.000      0.000      0.000      0.000      0.000      0.000      0.000      0.000      0.000      0.000      0.000      0.000      0.000      0.000      0.000      0.000      0.000      0.000      0.000      0.000      0.000      0.000      0.000      0.000      0.000      0.000      0.000      0.000      0.000      0.000      0.000
  9800.00      0.000      0.000      0.000      0.000      0.000      0.000      0.000      0.000      0.000      0.000      0.000      0.000      0.000      0.000      0.000      0.000      0.000      0.000      0.000      0.000      0.000      0.000      0.000      0.000      0.000      0.000      0.000      0.000      0.000      0.000      0.000      0.000      0.000      0.000      0.000      0.000
 10000.00      0.000      0.000      0.000      0.000      0.000      0.000      0.000      0.000      0.000      0.000      0.000      0.000      0.000      0.000      0.000      0.000      0.000      0.000      0.000      0.000      0.000      0.000      0.000      0.000      0.000      0.000      0.000      0.000      0.000      0.000      0.000      0.000      0.000      0.000      0.000      0.000
  3200.00      0.000      0.000      0.000      0.000      0.000      0.000      0.000      0.000      0.000      0.000      0.000      0.000      0.000      0.000      0.000      0.000      0.000      0.000      0.000      0.000      0.000      0.000      0.000      0.000      0.000      0.000      0.000      0.000      0.000      0.000      0.000      0.000      0.000      0.000      0.000      0.000
  3300.00      0.000      0.000      0.000      0.000      0.000      0.000      0.000      0.000      0.000      0.000      0.000      0.000      0.000      0.000      0.000      0.000      0.000      0.000      0.000      0.000      0.000      0.000      0.000      0.000      0.000      0.000      0.000      0.000      0.000      0.000      0.000      0.000      0.000      0.000      0.000      0.000
  3400.00      0.000      0.000      0.000      0.000      0.000      0.000      0.000      0.000      0.000      0.000      0.000      0.000      0.000      0.000      0.000      0.000      0.000      0.000      0.000      0.000      0.000      0.000      0.000      0.000      0.000      0.000      0.000      0.000      0.000      0.000      0.000      0.000      0.000      0.000      0.000      0.000
  3500.00      0.000      0.000      0.000      0.000      0.000      0.000      0.000      0.000      0.000      0.000      0.000      0.000      0.000      0.000      0.000      0.000      0.000      0.000      0.000      0.000      0.000      0.000      0.000      0.000      0.000      0.000      0.000      0.000      0.000      0.000      0.000      0.000      0.000      0.000      0.000      0.000
  3550.00      0.000      0.000      0.000      0.000      0.000      0.000      0.000      0.000      0.000      0.000      0.000      0.000      0.000      0.000      0.000      0.000      0.000      0.000      0.000      0.000      0.000      0.000      0.000      0.000      0.000      0.000      0.000      0.000      0.000      0.000      0.000      0.000      0.000      0.000      0.000      0.000
  3600.00      0.000      0.000      0.000      0.000      0.000      0.000      0.000      0.000      0.000      0.000      0.000      0.000      0.000      0.000      0.000      0.000      0.000      0.000      0.000      0.000      0.000      0.000      0.000      0.000      0.000      0.000      0.000      0.000      0.000      0.000      0.000      0.000      0.000      0.000      0.000      0.000
  3650.00      0.000      0.000      0.000      0.000      0.000      0.000      0.000      0.000      0.000      0.000      0.000      0.000      0.000      0.000      0.000      0.000      0.000      0.000      0.000      0.000      0.000      0.000      0.000      0.000      0.000      0.000      0.000      0.000      0.000      0.000      0.000      0.000      0.000      0.000      0.000      0.000
  3700.00      0.000      0.000      0.000      0.000      0.000      0.000      0.000      0.000      0.000      0.000      0.000      0.000      0.000      0.000      0.000      0.000      0.000      0.000      0.000      0.000      0.000      0.000      0.000      0.000      0.000      0.000      0.000      0.000      0.000      0.000      0.000      0.000      0.000      0.000      0.000      0.000
  3750.00      0.000      0.000      0.000      0.000      0.000      0.000      0.000      0.000      0.000      0.000      0.000      0.000      0.000      0.000      0.000      0.000      0.000      0.000      0.000      0.000      0.000      0.000      0.000      0.000      0.000      0.000      0.000      0.000      0.000      0.000      0.000      0.000      0.000      0.000      0.000      0.000
  3800.00      0.000      0.000      0.000      0.000      0.000      0.000      0.000      0.000      0.000      0.000      0.000      0.000      0.000      0.000      0.000      0.000      0.000      0.000      0.000      0.000      0.000      0.000      0.000      0.000      0.000      0.000      0.000      0.000      0.000      0.000      0.000      0.000      0.000      0.000      0.000      0.000
  3850.00      0.000      0.000      0.000      0.000      0.000      0.000      0.000      0.000      0.000      0.000      0.000      0.000      0.000      0.000      0.000      0.000      0.000      0.000      0.000      0.000      0.000      0.000      0.000      0.000      0.000      0.000      0.000      0.000      0.000      0.000      0.000      0.000      0.000      0.000      0.000      0.000
  3900.00      0.000      0.000      0.000      0.000      0.000      0.000      0.000      0.000      0.000      0.000      0.000      0.000      0.000      0.000      0.000      0.000      0.000      0.000      0.000      0.000      0.000      0.000      0.000      0.000      0.000      0.000      0.000      0.000      0.000      0.000      0.000      0.000      0.000      0.000      0.000      0.000
  3950.00      0.000      0.000      0.000      0.000      0.000      0.000      0.000      0.000      0.000      0.000      0.000      0.000      0.000      0.000      0.000      0.000      0.000      0.000      0.000      0.000      0.000      0.000      0.000      0.000      0.000      0.000      0.000      0.000      0.000      0.000      0.000      0.000      0.000      0.000      0.000      0.000
  4000.00     32.647     -2.222     -0.748      5.357    -64.056     89.101     41.004      4.294     80.609     61.140   -158.219    204.676    114.792   -107.798     56.958    -40.879    -75.037    -42.684    214.001   -277.218      4.238   -363.558    338.921   -247.631   -165.876    -17.933     -8.503   -129.344    -38.477    413.682   -339.753    229.834    220.497     35.070    -67.142    185.768
  4050.00     29.488      0.326     -1.482     -0.800      0.651      0.956     10.276      7.854      4.696     -4.676     -3.203      9.289     -9.163      9.978      5.865      1.394     10.737     -2.210     15.220     -9.935     -1.974     -2.622    -12.595     -0.560     -2.434      2.582      8.724     -3.186    -16.690      5.995    -12.062    -10.136     -6.431     -2.953    -20.009     -0.596
  4100.00     29.799      0.664     -1.085     -0.859      1.101     -0.088      8.946      7.755      2.619     -4.553     -2.805      9.410     -9.407      6.530      3.741      2.064      9.806     -5.864     18.113    -13.291     -1.574     -0.023    -13.993      0.476     -3.950      3.520      7.495     -3.341    -15.862      5.466    -17.048     -6.555     -9.700     -0.377    -22.706      1.400
  4150.00     30.180      0.451     -0.876     -0.970      0.528     -1.752      7.099      8.137      2.711     -5.609     -0.910      9.417     -8.592      6.648      3.689      4.517      9.333     -3.721     15.835    -11.829      0.502     -2.025    -11.858      0.953     -4.840      6.178      3.534      0.763    -14.211      8.689    -17.911     -5.995     -7.358      1.846    -21.146      2.214
  4200.00     30.262      0.155     -0.926     -1.111      0.057     -2.622      7.572      8.156      3.315     -5.665     -0.182      9.691     -7.538      6.428      2.629      6.673      7.933     -2.067     13.494    -11.482      0.275     -2.974    -10.257      0.410     -4.670      7.617      2.064      3.307    -13.609      7.722    -18.403     -5.766     -6.814      1.188    -19.341      0.503
  4250.00     30.409      0.133     -1.052     -1.190     -1.951     -5.327      7.688      8.364      2.597     -5.198     -6.670     13.526     -3.651      9.406      3.173     12.830      9.055      4.106     11.692     -6.859     -1.697     -3.331    -10.655     -1.184     -4.224      8.299      1.027      4.599     -8.221      9.416    -14.083     -1.571     -3.911      8.370    -23.853      8.714
  4300.00     30.330     -0.070     -1.276     -0.933     -0.227     -1.170      8.694      7.361      4.564     -4.672     -1.038      8.869     -7.232      3.983      4.382      5.097      7.840     -3.935     13.951    -11.306     -0.713     -2.020    -10.054     -0.242     -3.069      6.351      5.429      0.790    -11.890      6.849    -12.858     -6.148     -3.934      1.849    -17.639      2.257
  4350.00     30.547      0.030     -1.380     -0.759     -0.080     -0.921      8.904      7.185      4.461     -3.893     -2.797      9.183     -7.900      3.624      3.827      4.308      6.771     -3.293     11.543     -9.670     -1.300     -1.430     -9.847     -0.667     -2.849      6.267      5.540     -0.024     -9.673      5.811     -9.920     -6.003     -3.115      2.312    -16.940      2.217
  4400.00     30.869      0.171     -1.295     -0.391      0.825      1.009      8.646      5.501      4.150     -2.490     -3.197      7.615     -8.114      3.139      2.450      1.968      5.290     -4.801     11.368    -10.132     -0.789     -0.972    -10.680     -0.282     -3.870      5.232      5.482     -2.830     -8.275      5.972     -5.775     -5.232     -1.185      3.097    -15.674      3.864
  4450.00     31.453      0.621     -1.099     -0.385      0.547      0.278      7.412      5.017      2.782     -3.523     -4.459      8.594     -8.914      3.666     -0.759      1.402      3.169     -5.297     11.018    -11.223     -1.063     -0.173    -11.690     -0.057     -4.834      5.272      4.079     -3.420     -7.695      6.227     -5.471     -4.514     -0.660      1.674    -14.547      3.292
  4500.00     32.289      1.073     -0.738     -0.319      0.648      0.060      6.015      4.461      1.859     -3.621     -4.023      8.684     -8.847      5.081     -1.150      1.101      3.850     -4.838     12.506    -11.251     -0.439      0.255    -11.851      0.760     -6.129      5.260      2.217     -3.182     -9.519      7.251     -9.655     -3.000     -2.715      0.905    -15.414      2.950
  4550.00     33.208      1.211     -0.355     -0.221      0.743     -0.259      4.962      3.782      1.983     -2.895     -2.358      8.052     -9.135      5.906     -1.802      2.594      3.240     -2.515      8.619     -8.308      0.085     -1.018    -11.422      1.009     -7.892      5.217     -1.210     -1.188     -9.902     10.061    -11.216     -3.447     -3.228      3.324    -16.296      4.281
  4600.00     33.775      0.975     -0.197     -0.358      0.415     -1.110      5.191      3.899      2.818     -2.595     -0.533      8.579     -8.475      5.739     -1.689      3.413      2.799     -1.179      5.984     -8.143     -0.805     -2.576    -10.365     -0.250     -8.549      6.077     -5.386      2.284     -9.388     11.166    -14.038     -3.155     -3.742      3.871    -15.403      2.387
  4650.00     34.017      0.670     -0.190     -0.443     -0.036     -1.115      4.968      4.296      3.681     -2.329     -0.134      9.305     -7.827      5.704     -1.651      4.933      2.357      0.049      4.087     -7.007     -1.559     -3.852     -9.811     -0.844     -9.305      6.614     -7.611      4.607     -8.799     11.094    -14.504     -3.138     -3.326      4.161    -14.790      1.752
  4700.00     34.052      0.456     -0.277     -0.510      0.276     -1.558      5.986      4.753      3.821     -2.084     -0.071      9.643     -7.676      5.423     -1.874      5.801      1.926      0.208      3.725     -7.138     -1.666     -4.609     -8.297     -1.833     -8.380      7.249     -7.882      5.723     -8.212     11.164    -14.867     -2.769     -2.480      3.619    -12.917      0.797
  4750.00     34.039      0.254     -0.430     -0.537      0.764     -0.721      6.414      5.287      4.413     -2.179      1.318      8.972     -7.247      4.208     -1.581      5.617      1.899     -0.601      4.347     -7.858     -1.981     -4.909     -7.835     -1.860     -7.377      6.801     -6.557      5.729     -7.640     10.725    -15.051     -2.039     -2.370      3.066    -11.439     -0.365
  4800.00     34.152      0.156     -0.594     -0.509      0.815     -0.314      6.572      5.413      4.019     -1.231     -0.849      9.152     -6.640      3.893     -1.180      6.255      2.091     -0.541      4.903     -7.112     -2.030     -4.600     -7.477     -2.433     -6.245      5.823     -3.785      4.073     -6.430      8.157    -11.633     -3.124     -1.102      2.008     -9.424     -0.804
  4850.00     34.350      0.133     -0.746     -0.418      1.757      0.634      7.402      5.166      4.535     -1.323      0.928      7.491     -7.069      2.514     -1.607      5.201      1.722     -2.198      5.087     -7.444     -2.185     -4.494     -7.455     -2.098     -5.851      5.361     -2.998      3.027     -5.409      8.370     -9.598     -2.762      0.070      1.108     -5.411     -2.418
  4900.00     34.734      0.219     -0.824     -0.265      2.143      1.142      7.488      4.838      3.804      0.041     -1.581      7.600     -6.139      1.918     -0.577      3.863      1.888     -2.842      6.817     -7.914     -2.680     -3.268     -8.120     -2.223     -5.322      4.620     -1.376      1.033     -4.230      6.209     -6.702     -2.084      0.247      1.721     -6.726     -0.477
  4950.00     35.266      0.396     -0.829     -0.161      2.665      1.357      7.086      4.496      3.064      0.044     -1.630      6.623     -6.691      1.290     -1.767      2.428      1.013     -4.300      6.857     -8.709     -2.454     -2.813     -7.569     -2.459     -4.742      4.047     -0.690     -0.074     -3.370      5.937     -4.711     -1.714      1.061      1.056     -4.136     -1.109
  5000.00     35.919      0.673     -0.718      0.031      2.671      1.995      6.055      3.462      1.897      0.424     -2.954      6.036     -7.280      1.523     -3.315      0.892      0.176     -4.983      6.710     -8.795     -2.471     -1.563     -8.141     -1.970     -4.553      3.088      0.185     -1.849     -3.414      4.682     -3.269     -0.958      1.320      0.149     -4.527      0.284
  5100.00     37.762      1.303     -0.265      0.112      1.549      1.067      4.325      1.089      0.887     -0.633     -2.036      4.511     -8.350      2.660     -3.663     -0.519      0.538     -5.043      6.371     -7.597     -1.126     -0.580     -7.754     -0.747     -5.103      2.275     -0.343     -2.638     -4.627      5.856     -5.003     -1.135     -0.587      0.010     -4.931     -0.844
  5200.00     39.289      1.214      0.028      0.077      0.195     -0.213      3.406      0.149      2.237     -1.100      0.590      4.249     -7.648      2.400     -2.541      0.336      0.344     -2.905      2.365     -5.348     -0.915     -1.725     -6.351     -1.037     -7.035      4.103     -6.166      1.384     -4.467      7.545     -6.597     -2.544     -1.366      1.771     -5.402     -1.771
  5300.00     39.804      0.790      0.063     -0.014     -0.481     -1.140      3.164      0.656      2.819     -1.121      0.796      5.262     -6.264      2.806     -2.093      2.345      0.197     -0.974      0.877     -4.497     -1.427     -3.034     -5.533     -1.751     -7.786      5.219     -8.934      4.203     -3.950      6.809     -7.530     -3.383     -1.494      1.634     -5.048     -3.415
  5400.00     39.836      0.491     -0.074     -0.091     -0.177     -1.656      3.833      1.763      2.875     -1.236      0.527      5.987     -5.249      2.248     -1.404      3.802      0.600     -0.426      1.281     -4.189     -1.440     -3.387     -4.548     -2.034     -6.679      6.253     -8.829      5.736     -3.915      6.485     -8.276     -3.262     -1.242      1.237     -4.042     -4.062
  5500.00     39.880      0.264     -0.296     -0.081     -0.024     -1.625      4.284      2.303      2.681     -1.576      0.253      5.601     -4.485      1.581     -0.962      4.364      0.899     -0.414      1.896     -3.945     -1.606     -3.301     -3.763     -1.800     -5.115      6.300     -7.112      6.136     -3.821      5.584     -8.118     -3.049     -1.020      0.498     -2.925     -4.848
  5600.00     40.209      0.199     -0.514      0.039      0.237     -1.447      4.821      2.097      2.525     -1.601     -0.663      4.946     -4.071      0.675     -0.721      3.818      0.516     -0.525      1.760     -3.639     -1.793     -2.644     -3.704     -1.204     -4.289      6.476     -6.164      5.816     -3.040      4.743     -6.045     -3.066     -0.031      0.115     -1.249     -5.536
  5700.00     40.893      0.325     -0.567      0.280      0.327     -0.598      4.439      1.110      1.923     -1.292     -1.920      3.973     -3.677      1.058     -1.899      2.525     -0.416     -0.568      1.367     -3.838     -2.034     -1.805     -4.567     -0.328     -4.332      6.076     -6.125      4.712     -1.615      4.404     -3.135     -2.426      1.113      0.599     -0.525     -4.939
  5800.00     41.919      0.695     -0.434      0.459      0.256     -0.161      3.280     -0.004      0.717     -1.278     -3.192      3.214     -4.236      1.572     -3.370      0.522     -1.287     -1.315      1.134     -4.208     -1.605     -0.370     -5.640      1.022     -4.389      5.424     -5.518      3.121     -0.863      4.282     -1.332     -1.357      1.407      0.905     -0.355     -4.003
  5900.00     43.231      1.144     -0.192      0.560     -0.504      0.396      1.940     -1.204      0.281     -1.360     -3.350      2.760     -4.756      2.199     -3.475     -1.159     -0.930     -1.880      1.621     -4.016     -1.385      0.628     -6.153      1.812     -4.916      3.951     -4.843      1.440     -1.482      4.077     -0.799     -1.327      1.035      0.396     -1.093     -2.907
  6000.00     44.410      1.334      0.018      0.541     -1.019     -0.462      1.383     -1.714      0.371     -1.415     -2.156      2.071     -4.233      2.397     -2.567     -1.356     -0.765     -1.218      1.381     -3.764     -0.288      0.374     -4.828      1.688     -5.279      3.695     -5.557      1.790     -1.986      3.883     -1.502     -2.159     -0.205      0.528     -2.394     -2.627
  6100.00     45.072      1.236      0.074      0.525     -1.029     -1.209      1.296     -1.543      0.589     -1.169     -0.609      1.416     -3.572      2.252     -1.749     -1.139     -0.530     -1.512      1.958     -3.928      0.329      0.173     -3.677      1.271     -4.880      3.034     -5.117      2.032     -2.338      3.674     -2.503     -2.526     -1.126      0.481     -2.913     -2.516
  6200.00     45.239      1.056      0.067      0.465     -0.923     -1.945      1.197     -0.870      0.771     -1.780      0.737      1.172     -3.058      2.102     -1.394     -0.558     -0.633     -0.916      1.326     -3.684      0.151     -0.557     -3.529      0.756     -5.257      3.282     -6.187      2.854     -2.663      3.838     -3.762     -2.669     -1.433      0.201     -2.763     -3.010
  6300.00     45.092      0.889      0.008      0.456     -0.546     -2.335      1.495     -0.135      0.725     -1.788      0.778      1.446     -2.544      1.991     -1.253      0.436     -0.273     -1.022      2.170     -3.674      0.259     -0.378     -3.169      0.585     -4.520      3.446     -5.226      2.899     -2.832      3.466     -4.740     -2.505     -1.717      0.152     -3.212     -2.702
  6400.00     44.791      0.721     -0.094      0.443     -0.072     -2.113      1.535      0.741      0.560     -1.713      0.908      1.381     -2.374      1.902     -1.148      1.184      0.352     -1.312      3.079     -3.530      0.363     -0.343     -2.300      0.352     -3.143      3.471     -3.936      3.043     -3.079      2.900     -4.801     -2.747     -1.322     -0.808     -1.936     -3.157
  6500.00     44.497      0.574     -0.265      0.418      0.156     -1.944      1.666      1.285      0.416     -1.843      0.932      1.010     -1.995      1.516     -1.114      2.058      0.724     -1.636      4.118     -3.303      0.454     -0.246     -1.564      0.147     -1.899      3.371     -2.364      2.566     -2.897      1.958     -4.543     -2.426     -1.154     -1.233     -1.190     -3.014
  6600.00     44.305      0.513     -0.470      0.405      0.460     -1.508      2.148      1.719      0.632     -1.688      0.610      0.989     -1.969      1.154     -1.260      2.177      0.895     -2.289      5.282     -3.534      0.667     -0.075     -0.818     -0.121     -0.888      3.271     -0.591      1.589     -2.809      0.693     -3.690     -2.478     -0.846     -2.029     -0.554     -2.961
  6700.00     44.269      0.519     -0.610      0.421      0.416     -1.063      2.123      1.716      0.597     -1.821      0.451      0.607     -2.364      1.049     -1.993      1.683      0.744     -3.263      5.951     -3.866      0.510      0.187     -0.561      0.027     -0.261      2.941      0.368      1.020     -2.783      0.442     -3.042     -1.814     -0.674     -2.195     -0.184     -2.570
  6800.00     44.422      0.632     -0.681      0.478      0.132     -0.348      1.405      1.191      0.280     -2.146      0.417     -0.299     -3.243      1.122     -3.032      0.102      0.234     -4.209      5.613     -4.023      0.065      0.227     -1.358      0.165     -0.466      1.741      1.106     -0.594     -2.814      0.114     -2.116     -1.280     -0.649     -2.244     -0.402     -1.872
  6900.00     44.778      0.867     -0.640      0.519     -0.012     -0.142      0.755      0.723     -0.115     -2.530      0.394     -0.751     -3.655      1.746     -4.422     -0.806     -0.357     -4.972      6.115     -4.621      0.230      0.631     -1.617      0.894     -0.490      1.176      1.513     -1.186     -2.753      0.310     -1.976     -0.184     -0.518     -2.696      0.269     -1.705
  7000.00     45.305      1.193     -0.505      0.537     -0.300      0.090     -0.345      0.051     -0.694     -3.003      0.778     -1.607     -4.203      2.185     -4.798     -2.143     -0.248     -5.725      6.307     -4.543      0.547      1.238     -2.097      1.921     -0.492      0.058      2.423     -2.045     -3.798      0.245     -2.479      0.112     -1.354     -3.509      0.358     -1.867
  7200.00     46.252      1.478     -0.283      0.580     -0.742      0.015     -1.484     -0.704     -0.790     -2.822      2.720     -3.101     -3.903      2.776     -4.422     -2.640     -0.189     -4.866      4.445     -2.721      1.199      1.460     -0.923      2.705     -0.100     -1.235      2.375     -1.046     -4.351      0.841     -3.952      0.215     -2.479     -3.830      0.844     -2.256
  7400.00     46.369      1.371     -0.204      0.653     -1.851     -0.513     -1.664     -1.562     -0.309     -2.533      2.416     -2.925     -2.560      3.249     -3.557     -2.074     -0.304     -3.164      2.784     -1.342      1.081      1.019     -0.235      2.269     -1.083     -1.002      0.092      0.463     -3.979      1.084     -3.985     -0.312     -2.534     -2.959      0.162     -2.191
  7600.00     45.645      1.227     -0.164      0.690     -2.607     -1.029     -1.967     -2.036     -0.459     -3.386      2.502     -3.312     -2.724      3.542     -3.047     -2.210      0.151     -2.813      2.090     -0.513      0.109      0.458     -0.936      1.713     -1.823     -1.507     -0.871      0.510     -4.674      1.403     -4.467     -0.904     -2.867     -2.600     -0.986     -1.862
  7800.00     44.472      1.090     -0.181      0.735     -1.785     -1.071     -1.604     -1.106     -0.605     -3.358      2.986     -3.294     -2.359      3.314     -3.281     -1.303      0.215     -2.855      2.796     -0.898      0.556      0.538     -0.186      1.539     -0.709     -0.876     -0.360      1.160     -4.765      1.567     -6.494     -0.293     -3.780     -3.096     -0.440     -2.820
  8000.00     43.127      0.935     -0.324      0.771     -0.951     -1.092     -1.252      0.430     -0.582     -3.223      3.033     -2.733     -2.199      2.901     -3.938      0.573      0.456     -2.856      3.006     -0.181      1.601      1.145      1.471      1.750      1.222      0.490      1.123      2.462     -5.244      1.677     -8.823      0.411     -4.168     -3.821      0.208     -3.176
  8200.00     41.690      0.744     -0.532      0.759     -0.472     -1.411     -0.706      0.903     -0.448     -3.847      3.511     -3.083     -1.101      3.042     -4.515      1.969     -0.230     -1.567      3.178     -0.675      1.748      0.999      1.952      1.654      2.088      1.196      1.517      3.065     -4.230      0.876     -8.211     -0.151     -3.667     -4.784      1.866     -4.766
  8400.00     40.464      0.768     -0.681      0.679     -1.099     -1.314     -0.661      0.096     -0.635     -4.327      2.737     -3.141     -2.323      3.200     -3.856     -0.714      0.617     -2.370      2.411     -0.087     -0.845      0.545      0.179      0.652      1.445     -0.496      0.797      1.723     -5.712      0.748     -7.393      0.362     -4.216     -3.408     -1.912     -1.748
  8600.00     39.818      1.301     -0.849      0.728      1.373      0.254      1.337      2.281      0.640     -0.633     -0.424      2.042     -3.266      0.300     -5.964     -3.317     -2.552     -6.481      5.325     -6.015      0.971      2.593      1.620      1.392      2.367      2.138      0.222      3.097     -5.431     -3.538     -4.682     -0.302     -4.293     -5.757     -2.540     -1.280
  8800.00     39.674      1.434     -1.140     -0.061      1.215      0.471     -1.423      1.733     -0.313     -4.017      4.982     -3.096      0.413      0.803     -9.549      2.039     -4.342    -13.015     20.929    -13.881      1.816      4.558      0.003     -2.471      1.405     -1.361      9.275     -6.434     -0.091     -4.064     -6.320      4.322     -4.577    -12.007     10.068     -5.083
  9000.00      0.000      0.000      0.000      0.000      0.000      0.000      0.000      0.000      0.000      0.000      0.000      0.000      0.000      0.000      0.000      0.000      0.000      0.000      0.000      0.000      0.000      0.000      0.000      0.000      0.000      0.000      0.000      0.000      0.000      0.000      0.000      0.000      0.000      0.000      0.000      0.000
  9200.00      0.000      0.000      0.000      0.000      0.000      0.000      0.000      0.000      0.000      0.000      0.000      0.000      0.000      0.000      0.000      0.000      0.000      0.000      0.000      0.000      0.000      0.000      0.000      0.000      0.000      0.000      0.000      0.000      0.000      0.000      0.000      0.000      0.000      0.000      0.000      0.000
  9400.00      0.000      0.000      0.000      0.000      0.000      0.000      0.000      0.000      0.000      0.000      0.000      0.000      0.000      0.000      0.000      0.000      0.000      0.000      0.000      0.000      0.000      0.000      0.000      0.000      0.000      0.000      0.000      0.000      0.000      0.000      0.000      0.000      0.000      0.000      0.000      0.000
  9600.00      0.000      0.000      0.000      0.000      0.000      0.000      0.000      0.000      0.000      0.000      0.000      0.000      0.000      0.000      0.000      0.000      0.000      0.000      0.000      0.000      0.000      0.000      0.000      0.000      0.000      0.000      0.000      0.000      0.000      0.000      0.000      0.000      0.000      0.000      0.000      0.000
  9800.00      0.000      0.000      0.000      0.000      0.000      0.000      0.000      0.000      0.000      0.000      0.000      0.000      0.000      0.000      0.000      0.000      0.000      0.000      0.000      0.000      0.000      0.000      0.000      0.000      0.000      0.000      0.000      0.000      0.000      0.000      0.000      0.000      0.000      0.000      0.000      0.000
 10000.00      0.000      0.000      0.000      0.000      0.000      0.000      0.000      0.000      0.000      0.000      0.000      0.000      0.000      0.000      0.000      0.000      0.000      0.000      0.000      0.000      0.000      0.000      0.000      0.000      0.000      0.000      0.000      0.000      0.000      0.000      0.000      0.000      0.000      0.000      0.000      0.000
