# poleff/et21b spHeffcal 20230109
#  calPA    90.00
#  YXnorm   30.00
#  Grang0   16.62
#     GY           0          1          0          1 
#     GX           0          0          1          1 
#           -0.00674    0.07009    0.00633   -0.00974 
#      1           0          0          0          0          0          0          1          0          0          0          0          0          0          0          1          0          0          0          0          0          0          0          1          0          0          0          0          0          0          0          1          0          0          0          0          0          0          0          1          0          0          0          0          0          0          0          1          0          0          0          0          0          0          0 
#      2           0          0          0          0          0          0          0          1          0          0          0          0          0          0          0          1          0          0          0          0          0          0          0          1          0          0          0          0          0          0          0          1          0          0          0          0          0          0          0          1          0          0          0          0          0          0          0          1          0          0          0          0          0          0 
#      3           0          0          0          0          0          0          0          0          1          0          0          0          0          0          0          0          1          0          0          0          0          0          0          0          1          0          0          0          0          0          0          0          1          0          0          0          0          0          0          0          1          0          0          0          0          0          0          0          1          0          0          0          0          0 
#      4           0          0          0          0          0          0          0          0          0          1          0          0          0          0          0          0          0          1          0          0          0          0          0          0          0          1          0          0          0          0          0          0          0          1          0          0          0          0          0          0          0          1          0          0          0          0          0          0          0          1          0          0          0          0 
#      5           0          0          0          0          0          0          0          0          0          0          1          0          0          0          0          0          0          0          1          0          0          0          0          0          0          0          1          0          0          0          0          0          0          0          1          0          0          0          0          0          0          0          1          0          0          0          0          0          0          0          1          0          0          0 
#      6           0          0          0          0          0          0          0          0          0          0          0          1          0          0          0          0          0          0          0          1          0          0          0          0          0          0          0          1          0          0          0          0          0          0          0          1          0          0          0          0          0          0          0          1          0          0          0          0          0          0          0          1          0          0 
#      7           0          0          0          0          0          0          0          0          0          0          0          0          1          0          0          0          0          0          0          0          1          0          0          0          0          0          0          0          1          0          0          0          0          0          0          0          1          0          0          0          0          0          0          0          1          0          0          0          0          0          0          0          1          0 
#      8           0          0          0          0          0          0          0          0          0          0          0          0          0          1          0          0          0          0          0          0          0          1          0          0          0          0          0          0          0          1          0          0          0          0          0          0          0          1          0          0          0          0          0          0          0          1          0          0          0          0          0          0          0          1 
#      Y           0          1          2          0          0          1          0          0          0          0          0          0          0          0          1          1          1          1          1          1          1          1          2          2          2          2          2          2          2          2          0          0          0          0          0          0          0          0          0          0          0          0          0          0          0          0          1          1          1          1          1          1          1          1 
#      X           0          0          0          1          2          1          0          0          0          0          0          0          0          0          0          0          0          0          0          0          0          0          0          0          0          0          0          0          0          0          1          1          1          1          1          1          1          1          2          2          2          2          2          2          2          2          1          1          1          1          1          1          1          1 
  3200.00      0.000      0.000      0.000      0.000      0.000      0.000      0.000      0.000      0.000      0.000      0.000      0.000      0.000      0.000      0.000      0.000      0.000      0.000      0.000      0.000      0.000      0.000      0.000      0.000      0.000      0.000      0.000      0.000      0.000      0.000      0.000      0.000      0.000      0.000      0.000      0.000      0.000      0.000      0.000      0.000      0.000      0.000      0.000      0.000      0.000      0.000      0.000      0.000      0.000      0.000      0.000      0.000      0.000      0.000 
  3300.00      0.000      0.000      0.000      0.000      0.000      0.000      0.000      0.000      0.000      0.000      0.000      0.000      0.000      0.000      0.000      0.000      0.000      0.000      0.000      0.000      0.000      0.000      0.000      0.000      0.000      0.000      0.000      0.000      0.000      0.000      0.000      0.000      0.000      0.000      0.000      0.000      0.000      0.000      0.000      0.000      0.000      0.000      0.000      0.000      0.000      0.000      0.000      0.000      0.000      0.000      0.000      0.000      0.000      0.000 
  3400.00      0.000      0.000      0.000      0.000      0.000      0.000      0.000      0.000      0.000      0.000      0.000      0.000      0.000      0.000      0.000      0.000      0.000      0.000      0.000      0.000      0.000      0.000      0.000      0.000      0.000      0.000      0.000      0.000      0.000      0.000      0.000      0.000      0.000      0.000      0.000      0.000      0.000      0.000      0.000      0.000      0.000      0.000      0.000      0.000      0.000      0.000      0.000      0.000      0.000      0.000      0.000      0.000      0.000      0.000 
  3500.00      0.000      0.000      0.000      0.000      0.000      0.000      0.000      0.000      0.000      0.000      0.000      0.000      0.000      0.000      0.000      0.000      0.000      0.000      0.000      0.000      0.000      0.000      0.000      0.000      0.000      0.000      0.000      0.000      0.000      0.000      0.000      0.000      0.000      0.000      0.000      0.000      0.000      0.000      0.000      0.000      0.000      0.000      0.000      0.000      0.000      0.000      0.000      0.000      0.000      0.000      0.000      0.000      0.000      0.000 
  3550.00      0.000      0.000      0.000      0.000      0.000      0.000      0.000      0.000      0.000      0.000      0.000      0.000      0.000      0.000      0.000      0.000      0.000      0.000      0.000      0.000      0.000      0.000      0.000      0.000      0.000      0.000      0.000      0.000      0.000      0.000      0.000      0.000      0.000      0.000      0.000      0.000      0.000      0.000      0.000      0.000      0.000      0.000      0.000      0.000      0.000      0.000      0.000      0.000      0.000      0.000      0.000      0.000      0.000      0.000 
  3600.00      0.000      0.000      0.000      0.000      0.000      0.000      0.000      0.000      0.000      0.000      0.000      0.000      0.000      0.000      0.000      0.000      0.000      0.000      0.000      0.000      0.000      0.000      0.000      0.000      0.000      0.000      0.000      0.000      0.000      0.000      0.000      0.000      0.000      0.000      0.000      0.000      0.000      0.000      0.000      0.000      0.000      0.000      0.000      0.000      0.000      0.000      0.000      0.000      0.000      0.000      0.000      0.000      0.000      0.000 
  3650.00      0.000      0.000      0.000      0.000      0.000      0.000      0.000      0.000      0.000      0.000      0.000      0.000      0.000      0.000      0.000      0.000      0.000      0.000      0.000      0.000      0.000      0.000      0.000      0.000      0.000      0.000      0.000      0.000      0.000      0.000      0.000      0.000      0.000      0.000      0.000      0.000      0.000      0.000      0.000      0.000      0.000      0.000      0.000      0.000      0.000      0.000      0.000      0.000      0.000      0.000      0.000      0.000      0.000      0.000 
  3700.00      0.000      0.000      0.000      0.000      0.000      0.000      0.000      0.000      0.000      0.000      0.000      0.000      0.000      0.000      0.000      0.000      0.000      0.000      0.000      0.000      0.000      0.000      0.000      0.000      0.000      0.000      0.000      0.000      0.000      0.000      0.000      0.000      0.000      0.000      0.000      0.000      0.000      0.000      0.000      0.000      0.000      0.000      0.000      0.000      0.000      0.000      0.000      0.000      0.000      0.000      0.000      0.000      0.000      0.000 
  3750.00      0.000      0.000      0.000      0.000      0.000      0.000      0.000      0.000      0.000      0.000      0.000      0.000      0.000      0.000      0.000      0.000      0.000      0.000      0.000      0.000      0.000      0.000      0.000      0.000      0.000      0.000      0.000      0.000      0.000      0.000      0.000      0.000      0.000      0.000      0.000      0.000      0.000      0.000      0.000      0.000      0.000      0.000      0.000      0.000      0.000      0.000      0.000      0.000      0.000      0.000      0.000      0.000      0.000      0.000 
  3800.00      0.000      0.000      0.000      0.000      0.000      0.000      0.000      0.000      0.000      0.000      0.000      0.000      0.000      0.000      0.000      0.000      0.000      0.000      0.000      0.000      0.000      0.000      0.000      0.000      0.000      0.000      0.000      0.000      0.000      0.000      0.000      0.000      0.000      0.000      0.000      0.000      0.000      0.000      0.000      0.000      0.000      0.000      0.000      0.000      0.000      0.000      0.000      0.000      0.000      0.000      0.000      0.000      0.000      0.000 
  3850.00      0.000      0.000      0.000      0.000      0.000      0.000      0.000      0.000      0.000      0.000      0.000      0.000      0.000      0.000      0.000      0.000      0.000      0.000      0.000      0.000      0.000      0.000      0.000      0.000      0.000      0.000      0.000      0.000      0.000      0.000      0.000      0.000      0.000      0.000      0.000      0.000      0.000      0.000      0.000      0.000      0.000      0.000      0.000      0.000      0.000      0.000      0.000      0.000      0.000      0.000      0.000      0.000      0.000      0.000 
  3900.00      0.000      0.000      0.000      0.000      0.000      0.000      0.000      0.000      0.000      0.000      0.000      0.000      0.000      0.000      0.000      0.000      0.000      0.000      0.000      0.000      0.000      0.000      0.000      0.000      0.000      0.000      0.000      0.000      0.000      0.000      0.000      0.000      0.000      0.000      0.000      0.000      0.000      0.000      0.000      0.000      0.000      0.000      0.000      0.000      0.000      0.000      0.000      0.000      0.000      0.000      0.000      0.000      0.000      0.000 
  3950.00      0.000      0.000      0.000      0.000      0.000      0.000      0.000      0.000      0.000      0.000      0.000      0.000      0.000      0.000      0.000      0.000      0.000      0.000      0.000      0.000      0.000      0.000      0.000      0.000      0.000      0.000      0.000      0.000      0.000      0.000      0.000      0.000      0.000      0.000      0.000      0.000      0.000      0.000      0.000      0.000      0.000      0.000      0.000      0.000      0.000      0.000      0.000      0.000      0.000      0.000      0.000      0.000      0.000      0.000 
  4000.00      0.000      0.000      0.000      0.000      0.000      0.000      0.000      0.000      0.000      0.000      0.000      0.000      0.000      0.000      0.000      0.000      0.000      0.000      0.000      0.000      0.000      0.000      0.000      0.000      0.000      0.000      0.000      0.000      0.000      0.000      0.000      0.000      0.000      0.000      0.000      0.000      0.000      0.000      0.000      0.000      0.000      0.000      0.000      0.000      0.000      0.000      0.000      0.000      0.000      0.000      0.000      0.000      0.000      0.000 
  4050.00     95.953     -1.399     -0.217      1.170     -3.977     -5.969     -4.722    -34.598     11.144     14.327     -2.974    -19.937     -5.437     14.599      1.844      4.815    -14.463      5.344    -11.816     -1.886      4.723    -11.135      1.354      8.075      4.470      8.300      4.436     12.012      5.563     11.491    -22.813     27.258    -53.631     13.963     22.669     -5.720     11.132     13.284    -23.943     15.079    -75.873     33.322    -31.997     -2.218    -27.033     12.919    -20.702     17.158    -89.512     43.760    -26.684     20.607    -58.292     28.877 
  4100.00     96.745     -0.877     -1.385      1.314     -3.906     -4.292     -6.303    -29.145     13.558      6.259      1.920    -15.918     -2.652      9.486      3.043      9.368    -26.593     12.616    -18.437      5.523     -1.352    -10.992      2.611     -2.405     11.331      2.228      3.044      3.617      3.628      9.462    -18.243     14.050    -36.567     14.735     17.073     -5.501     10.430     10.020    -17.070     12.026    -54.784     22.276    -24.763      1.823    -21.390     11.460    -15.107      9.872    -56.904     25.474    -13.884     12.054    -41.249     18.704 
  4150.00     96.865     -0.700     -1.605      1.173     -3.765     -3.282     -7.146    -25.203     11.802      4.401      1.465    -12.673     -2.858      7.185      1.509      9.744    -28.909     10.846    -21.895      9.533     -9.478     -7.795      2.364     -1.849     18.380     -8.416     10.290     -5.558     12.715      3.940    -16.177      9.112    -31.834     15.965     13.342     -7.123     11.759      6.727    -12.693     11.005    -52.219     22.876    -18.953     -0.160    -13.711      9.443    -10.426     11.758    -45.309     20.075     -6.345     12.299    -34.303     15.727 
  4200.00     96.812     -0.577     -1.778      0.985     -3.704     -3.137     -6.477    -23.377     13.073      1.363      1.205    -11.034     -1.176      4.682      0.526      7.796    -27.832     11.178    -20.591      7.705    -10.701     -4.384      2.304     -6.859     21.509    -11.509      7.472     -6.546     11.425      1.888    -15.471     10.080    -33.237     19.011     14.078    -11.190     17.096      2.256    -13.010     12.412    -53.540     23.923    -17.027     -0.707    -11.821      8.470     -8.962      6.981    -32.989     13.383     -7.422     15.994    -35.356     16.548 
  4250.00     96.596     -0.502     -0.553      0.703     -3.895     -3.682     -9.203    -16.441     -8.785     14.089      7.615    -28.048     13.950      0.537     -0.751      9.684    -22.654      5.765    -10.927      6.273     -8.363     -3.234      6.213    -17.750     52.945    -20.983     11.780      7.283     -3.407     14.368    -10.593      6.006    -30.988     21.211     14.987    -15.981     26.031     -4.980     -4.692      7.316    -42.145     18.708    -21.013      7.587     -8.871      0.663    -14.194      1.578    -20.775      5.265    -12.075     18.591    -42.753     19.881 
  4300.00     96.541     -0.485     -0.528      0.584     -3.325     -3.925     -8.854    -25.411     11.000      1.063     -1.761    -13.918     -1.907      5.607      2.718      7.934    -22.107     10.433    -14.770      4.989     -3.987     -5.406      7.030     -2.712     25.525     -6.734     15.478     -1.746     12.440      7.184    -14.718     12.722    -40.025     20.871     10.625    -11.952     18.458     -0.006    -10.067     14.701    -59.299     30.692    -14.657     -1.600     -8.482      6.696    -12.195     11.183    -42.701     16.850     -9.192     14.424    -35.565     15.632 
  4350.00     96.405     -0.392     -0.011      0.593     -3.016     -4.415     -9.599    -25.672      3.462      7.568     -2.986    -18.736      0.497      5.554      5.281      7.146    -18.716     12.381    -10.886      4.305     -0.475     -6.825     10.357     -7.737     39.349    -11.284     17.431      2.371     12.319      8.336    -13.561     11.235    -41.322     21.909     10.513    -10.830     17.423      1.987     -8.020     11.892    -49.726     26.715    -14.469      2.782    -11.790      9.433    -11.042      8.928    -44.450     17.688    -14.574     17.723    -38.529     14.448 
  4400.00     96.453     -0.232      0.300      0.604     -2.858     -4.483    -10.257    -24.877      0.854      9.138     -3.831    -19.942      0.381      5.381      7.313      3.972    -15.439     16.008     -7.781      2.483      3.055     -6.416     13.811     -7.015     37.324     -4.408     18.644      5.073     15.011      7.612    -12.076     10.525    -40.593     20.143     11.322    -11.400     18.091      2.340     -8.256     11.822    -48.782     26.292    -16.189      6.052    -16.133     11.291     -9.255      3.847    -41.731     15.355    -15.605     17.949    -39.409     15.243 
  4450.00     96.677      0.059      0.244      0.638     -2.665     -3.942    -10.759    -21.513     -0.978      7.037     -4.518    -17.351     -2.000      3.382      8.079      3.057    -13.872     17.067     -4.733      1.658      4.861     -5.388     12.743     -8.197     38.503     -4.027     22.082      3.143     16.215      8.443     -9.851     11.088    -39.636     19.202      9.731    -11.245     19.321     -0.087     -5.877     15.486    -50.252     27.109    -12.886      5.181    -11.974      9.183     -6.760      0.648    -34.850     11.442    -11.147     13.841    -32.573     14.437 
  4500.00     97.162      0.500     -0.383      0.488     -2.482     -3.566    -11.929    -18.339      0.981      3.906     -1.635    -13.144     -6.101      4.349      7.385      4.057    -16.790     19.480     -7.110      4.058      4.392     -4.583      9.802    -10.847     39.101     -6.436     17.163      3.270      9.540     10.252    -10.493     12.815    -38.051     15.146      7.088     -9.734     19.351     -1.475     -5.778     17.188    -51.704     29.453    -11.360      2.227     -8.497      8.192     -8.760     -1.199    -34.635      9.478     -8.413      8.941    -32.669     15.364 
  4550.00     97.469      1.008     -0.930      0.512     -2.284     -3.154    -11.445    -18.527      4.355      2.765     -0.245     -9.914     -9.434      5.893      7.025      6.245    -18.778     19.887     -8.899      7.080      4.543     -4.432      6.010     -9.684     36.081     -8.874     14.833      0.979      4.649     11.586    -10.670     14.319    -34.904     11.035      5.535     -6.598     17.223     -1.583     -5.952     18.851    -50.070     27.788    -10.482      0.480     -5.711      6.487     -9.953     -3.147    -29.202      6.446     -5.954      5.726    -32.701     16.371 
  4600.00     97.484      1.121     -1.089      0.426     -2.125     -3.188    -13.008    -19.547      7.281     -0.578      0.446     -9.428    -11.405      6.528      4.422      7.333    -20.513     17.890     -9.662      8.459      2.152     -4.239      7.724     -7.450     32.423     -6.113     14.146     -1.554      8.652      9.319    -10.808     13.444    -35.201     11.508      4.092     -6.299     16.628     -1.509     -3.337     18.659    -51.361     31.416     -9.385     -1.648     -1.377      5.562    -10.379      2.444    -34.982      9.838     -4.086      3.622    -28.943     14.866 
  4650.00     97.396      1.041     -0.874      0.410     -2.078     -3.169    -13.721    -19.372      4.750      0.713     -1.271     -9.298    -12.167      6.635      5.103      5.908    -19.945     17.445    -11.430      9.804      0.300     -3.666      9.329     -4.015     29.017     -3.958     16.127     -2.722     12.553      7.783    -12.261     13.411    -37.289     13.285      2.590     -6.481     13.917      0.071     -3.937     17.483    -48.611     27.420     -8.733     -1.260     -2.791      6.322     -9.200      2.255    -32.633      8.972     -3.295      5.272    -28.857     14.298 
  4700.00     97.404      0.984     -0.638      0.577     -2.009     -2.949    -13.197    -20.139      7.106     -1.422     -1.082     -8.918    -11.790      6.524      5.206      6.023    -17.234     14.644    -10.848      9.313      1.119     -4.500     10.667     -2.108     26.912     -1.375     17.297     -4.727     16.247      6.753    -11.726     10.766    -32.419     12.650      2.308     -5.985     11.704      1.020     -3.150     15.830    -44.957     25.050     -9.440      1.001     -4.373      6.687     -7.266      1.860    -25.806      7.647     -1.602      6.231    -25.868     12.942 
  4750.00     97.386      0.789     -0.556      0.640     -2.002     -3.187    -12.768    -19.990      4.609      0.767     -1.877     -9.768    -10.444      6.549      5.136      3.900    -13.094     10.558     -9.223      8.488      0.477     -4.784      9.906     -3.429     25.118     -1.117     14.155     -3.235     13.424      6.911    -11.802      9.598    -32.761     13.754      2.816     -6.865     10.613      2.389     -3.217     13.742    -41.609     22.191     -9.668      2.305     -6.326      7.546     -8.199      1.418    -26.144      7.614     -5.105      9.948    -29.854     13.070 
  4800.00     97.468      0.534     -0.362      0.740     -1.964     -3.138    -10.978    -17.946      1.757      3.411     -2.178     -9.717     -7.901      6.038      3.301      5.948    -16.415     10.609     -8.499      5.429      0.980     -5.210     10.389     -1.593     27.447     -4.888     17.265     -3.142     15.983      5.555    -10.064      8.980    -33.452     16.787      4.400     -9.034     13.283      2.215     -2.949      7.250    -32.229     17.510    -10.635      4.169     -9.649      8.936     -8.302      3.687    -23.349      4.847     -4.110     12.451    -29.305     12.437 
  4850.00     97.565      0.415     -0.460      0.742     -2.072     -3.575     -9.027    -17.974     -0.443      7.226     -2.321    -11.021     -5.251      6.362      4.604      6.591    -16.543     10.298     -5.451      3.720      4.697     -7.862      9.213     -6.116     31.339     -8.466     17.717     -4.077     14.723      5.588     -9.468      7.655    -33.234     16.768      5.194     -9.685     13.860      2.331     -3.474      7.283    -32.791     16.773    -11.231      3.856     -9.332      7.715     -7.865      3.715    -28.042      8.417     -7.318     11.728    -28.149      9.625 
  4900.00     97.661      0.448     -0.222      0.689     -2.004     -3.758     -9.070    -17.610     -2.681      9.306     -1.948    -12.545     -4.772      7.253      4.582      7.232    -15.682     10.823     -3.434      2.370      7.630     -9.015     10.510     -7.855     35.983     -8.352     18.765     -2.407     14.459      7.130     -9.922      8.390    -36.009     17.284      4.898     -9.302     12.808      3.565     -3.539      5.694    -30.244     16.296    -13.127      5.656    -11.559      8.712     -8.952      4.491    -30.849      9.611     -8.909     12.815    -29.951     10.544 
  4950.00     97.932      0.570     -0.253      0.587     -2.002     -3.821     -6.864    -18.999      0.193     11.172     -1.796    -12.498     -3.394      7.720      4.607      4.231    -10.065      8.837     -3.477      3.415      6.399     -9.469      8.120     -9.773     36.253    -10.325     16.773     -1.799     10.505      7.872     -9.610      9.439    -36.780     14.552      4.767     -8.630     13.628      1.919     -3.666      6.198    -29.040     14.714    -11.411      4.480    -10.929      7.768     -6.866      3.961    -28.815      7.032     -6.793     10.499    -25.962      8.708 
  5000.00     98.099      0.623     -0.327      0.559     -1.940     -3.918     -7.214    -18.910     -1.100     12.814     -0.597    -14.747     -2.067      7.599      4.345      5.624    -12.480     11.001     -2.852      5.032      6.168     -9.732      6.760     -8.730     33.468     -9.903     15.864      0.552      6.369     10.331     -8.710      7.939    -34.357     12.843      4.266     -6.799     12.773      3.466     -2.874      6.312    -30.084     16.926    -11.342      4.150     -9.873      7.860     -8.123      4.511    -33.984      9.319     -8.147      8.306    -26.129      9.084 
  5100.00     98.310      0.852     -0.550      0.323     -1.571     -3.407     -7.837    -15.955     -4.326     13.753      0.564    -14.172     -2.000      5.957      3.213     11.036    -20.043     13.639     -5.024      8.834      4.202    -10.167      5.589    -12.678     39.050    -13.977     15.538     -0.698      2.199     14.677     -7.255      6.968    -30.578      8.286      1.874     -4.841     12.757      1.894     -1.675      6.490    -25.717     15.997     -8.819      2.695     -7.417      6.844     -9.813      6.016    -34.586      7.850     -5.848      4.507    -25.530      9.152 
  5200.00     98.264      1.017     -0.774      0.245     -1.074     -3.107     -7.702    -16.889     -5.301     14.291      0.743    -15.483     -0.897      4.704      4.597     13.884    -22.369     12.804     -4.554     10.677      6.927    -12.855      5.310     -8.741     32.972    -11.253     13.533     -1.341      0.615     15.818     -5.729      8.385    -30.089      6.723      0.872     -2.553     13.012      0.546     -0.117      4.886    -16.745     13.226     -6.482      3.226     -7.264      7.765     -8.482      7.169    -34.186     10.386     -5.242      2.450    -23.651      8.064 
  5300.00     98.213      0.895     -0.724      0.356     -1.011     -3.130     -7.627    -15.339     -7.995     14.198      0.716    -16.456      1.068      3.155      3.305     15.697    -25.352     13.072     -5.145     12.214      3.678    -11.032      6.691     -8.442     33.199    -10.299     13.790     -2.359      3.844     14.127     -6.119      6.129    -29.906      9.974     -0.727     -2.156      9.144      3.945     -0.005      3.334    -14.742     11.206     -5.720      3.149     -7.302      8.933     -8.548      9.473    -35.011     11.389     -5.292      2.424    -20.574      5.654 
  5400.00     98.405      0.720     -0.722      0.720     -1.166     -2.884     -7.363    -11.501     -6.642      9.721      1.358    -13.425      0.897      2.222      1.567     14.569    -22.641      8.806     -4.472     10.577      1.166     -8.697      6.737     -8.977     30.206     -8.284     13.405     -4.329      5.925     12.015     -7.054      6.410    -31.384     14.311     -1.260     -2.811      4.324      7.215     -0.243      2.304    -15.349      9.637     -8.319      4.622     -9.666     10.325     -8.140      9.864    -32.624     11.286     -5.928      4.017    -17.419      3.331 
  5500.00     98.556      0.589     -0.775      0.772     -1.180     -3.013     -5.861    -11.844     -2.564      7.402      2.021    -11.962      0.890      2.982      1.339     11.722    -18.788      6.972     -3.824      8.781      1.009     -8.026      6.209     -8.964     25.781     -6.878     11.984     -5.929      7.884      8.701     -6.911      6.007    -31.678     16.807     -1.425     -4.184      4.001      7.909     -1.025      3.341    -18.790     10.102     -8.025      3.987     -8.582      9.699     -7.112      8.960    -30.393      9.873     -5.488      3.935    -13.950      0.569 
  5600.00     98.559      0.391     -0.544      0.833     -1.386     -2.835     -4.923    -12.088     -5.150      8.159     -0.046    -12.495      1.048      1.907      0.541     11.196    -22.552     10.419     -2.815      4.972      2.738     -6.889      7.968     -8.439     29.264     -8.110     13.693     -1.748      8.170      7.798     -3.835      1.646    -23.500     14.616      1.945     -7.113      8.214      6.015     -0.820      3.171    -19.854     10.412     -8.018      3.542     -5.458      6.523     -5.488      4.722    -24.240      9.208     -5.200      6.396    -15.109      4.140 
  5700.00     98.673      0.380     -0.456      0.881     -1.444     -2.588     -4.021    -11.208     -4.973      7.385     -0.934    -11.380      0.563      1.179      0.731      9.224    -22.319     13.274     -1.795      2.120      3.655     -5.028      8.482     -7.676     28.516     -7.126     13.778      0.823      8.293      6.372     -1.819      0.380    -17.039     11.359      5.037     -8.837     11.334      4.661     -1.523      4.328    -22.979     12.002     -9.446      4.221     -5.606      5.137     -5.076     -0.176    -19.128      6.530     -5.508      6.970    -16.335      6.579 
  5800.00     98.676      0.257     -0.635      0.756     -1.288     -2.282     -4.722     -9.971     -8.140      8.514     -1.341    -12.152      0.380      0.178      0.059      8.055    -24.885     16.382     -2.828      1.464      3.214     -4.103      6.642     -9.357     30.638    -10.931     12.772      3.043      3.947      6.925     -1.159     -0.515    -13.966      8.347      4.901     -7.593     10.836      4.397     -0.750      5.621    -23.220     13.452     -9.177      4.492     -4.520      4.704     -5.237     -3.261    -17.615      5.275     -4.718      5.088    -16.147      8.017 
  5900.00     99.183      0.650     -0.661      0.239     -1.218     -1.690     -2.523     -9.775      1.171      5.294      1.560     -7.775     -1.341      2.339      0.969     -1.010     -6.800      9.693     -3.302      1.143      2.854     -3.198      2.235    -10.904     30.663    -14.439      8.983      0.478      1.488      4.951     -1.537      4.276    -13.782      2.815      1.078     -5.061     12.424     -1.965     -2.710      6.091    -20.289      9.356     -6.633      1.606     -4.405      1.136     -5.080     -7.907     -1.121     -8.805     -0.521      4.321    -16.148      6.635 
  6000.00     99.029      0.761     -0.639      0.141     -1.076     -1.321     -3.625     -8.534     -1.753      5.775     -0.023     -6.929     -3.124      2.010      1.382     -0.987     -6.447     10.211     -3.787      2.007      2.764     -2.707      3.486    -12.451     34.491    -16.305      8.921     -1.029      3.529      3.647     -1.381      6.205    -12.742      0.100      0.921     -3.369     12.547     -3.646     -2.127      7.143    -17.906      8.152     -4.278     -0.560     -1.499     -0.959     -4.905     -6.692     -2.422     -8.474      0.758      1.015    -12.911      5.238 
  6100.00     98.814      0.831     -0.663      0.033     -0.685     -0.968     -3.959     -8.050     -1.657      2.663     -1.617     -5.311     -5.124      0.571      3.050     -0.644     -7.754     12.724     -3.706      0.922      5.925     -2.806      3.739    -11.266     34.510    -16.087      9.720     -1.487      4.553      2.930     -0.130      7.014    -11.863     -0.540      0.849     -3.529     14.004     -6.167     -0.517      9.375    -19.105     11.071     -2.255     -1.698      2.014     -1.857     -3.166     -6.843     -3.028     -7.030      3.596     -2.909     -7.432      3.623 
  6200.00     98.532      0.547     -0.760     -0.176     -0.294     -0.894     -5.306     -8.064     -4.859      2.001     -3.131     -6.209     -6.275     -0.689      2.673      4.859    -19.470     18.140     -4.728      0.204      8.788     -4.437      5.834     -8.741     30.129    -11.592     11.899     -1.214      5.810      4.586     -0.741      4.894    -14.663      2.833     -0.196     -4.888     12.764     -4.560      1.035      9.213    -18.374     13.627     -1.223     -1.047      3.561      0.863     -3.535     -1.355    -15.519      2.392      3.748     -4.253     -5.320      3.595 
  6300.00     98.589      0.444     -0.683     -0.095     -0.309     -0.701     -5.141     -6.281     -3.337     -1.019     -2.388     -4.564     -6.885     -1.278      3.029      3.885    -18.636     18.269     -5.149     -0.841      9.314     -4.462      6.756     -8.680     29.920     -9.327     12.869     -2.685      9.320      3.629     -0.747      5.974    -18.247      7.373     -2.306     -3.863      9.782     -3.241      1.643      8.864    -17.446     11.646     -0.579     -1.834      4.930      0.294     -2.736      1.614    -17.876      2.564      6.315     -7.279      2.235     -1.154 
  6400.00     98.446      0.154     -0.535     -0.171     -0.226     -0.771     -6.452     -5.457     -6.042     -1.090     -3.329     -4.220     -8.569     -1.352      1.644      3.818    -19.441     16.931     -5.260     -0.741      7.547     -4.360      7.774     -8.536     27.681     -5.258     12.886     -3.256     11.448      3.697     -2.121      5.006    -23.291     12.484     -3.152     -5.786      8.216     -0.436      2.372      7.926    -17.653     12.542     -0.037     -2.309      6.434      1.958     -3.213      3.341    -21.024      3.944      6.035     -5.686      2.228     -2.164 
  6500.00     98.464     -0.129     -0.693     -0.165     -0.166     -0.768     -5.446     -6.227     -5.143     -0.199     -1.450     -6.769     -5.423     -1.889      0.627     10.964    -28.316     17.410     -4.900     -0.953     10.633     -8.899      8.907     -8.072     25.789     -4.289     14.174     -3.164     11.412      5.550     -0.811     -0.508    -20.217     14.588     -3.832     -5.551      6.170      2.218      2.918      2.418    -10.140      8.037     -1.402      1.321      2.048      4.606     -4.571      6.936    -24.838      6.014      3.253     -5.006      2.270     -5.297 
  6600.00     98.418     -0.190     -0.718     -0.263     -0.486     -0.754     -5.188     -7.067     -6.012      1.190     -1.799     -7.622     -4.461     -2.344      1.654     11.747    -27.703     17.236     -3.321      0.610      9.980     -8.485      8.708     -9.461     25.243     -4.370     12.380     -3.918     11.919      4.104     -0.051     -2.972    -18.242     14.095     -0.765     -8.176      8.491      2.096      2.937      3.661    -15.883     11.684     -3.295      0.767      3.841      3.308     -2.643      6.626    -27.328      9.690      2.122     -4.242      2.701     -4.950 
  6700.00     98.313     -0.225     -0.698     -0.242     -0.542     -0.511     -4.546     -7.038     -5.775      1.473     -1.954     -7.863     -3.427     -3.141      0.512     12.177    -27.596     16.649     -3.230      1.727      7.165     -6.839      7.119    -10.194     25.419     -5.373     11.857     -3.760     10.777      4.353      0.346     -4.149    -15.309     13.326     -0.564     -7.317      7.421      2.667      2.649      4.154    -17.200     11.485     -3.035      0.347      4.590      2.352     -3.644      6.783    -26.081      9.034      0.861     -3.849      1.557     -3.611 
  6800.00     98.250     -0.096     -0.704     -0.394     -0.565     -0.128     -3.858     -8.083     -0.740     -1.417     -2.242     -5.768     -4.704     -3.216      0.841      8.334    -19.751     13.914     -2.643      0.952      6.822     -5.411      4.600    -10.703     25.027     -8.028      9.669     -3.582      8.426      2.384      1.804     -3.248    -10.258      8.176      1.058     -7.413     10.298     -1.405      2.968      5.986    -20.296     13.558     -2.817     -0.487      6.166     -0.620     -3.597      1.543    -16.028      2.177      0.974     -3.453     -0.810     -1.501 
  6900.00     98.036     -0.208     -0.689     -0.556     -0.498     -0.045     -3.015     -9.547     -3.269      3.555     -2.725     -8.620     -2.332     -3.357      0.296      8.541    -19.134     12.764     -2.898      2.302      6.176     -6.828      3.259    -11.906     28.802    -13.468      8.561     -1.196      4.078      3.968      2.309     -6.728     -3.752      3.427      1.781     -6.442     11.205     -1.455      1.834      3.021    -14.794     10.639     -1.137     -0.122      4.336      0.250     -5.214      0.303    -15.439      0.318     -0.825     -2.366     -5.666     -0.276 
  7000.00     97.898     -0.292     -0.867     -0.518     -0.588      0.504     -2.554     -7.228     -1.241      1.139     -2.051     -6.435     -2.735     -4.153     -0.635     10.074    -18.249      8.666     -3.370      3.462      4.160     -7.067     -0.605    -10.917     21.840    -12.474      6.552     -4.811      2.487      4.952      2.648     -5.132     -3.376      2.683      2.995     -6.076     12.090     -2.540      2.388      0.531    -12.832     10.717     -2.388     -1.041      4.051     -0.222     -5.739      3.717    -19.447      2.292     -0.108     -5.011     -3.057     -2.071 
  7200.00     97.541     -0.142     -1.025     -0.357     -0.513      1.016     -1.312     -4.056     -2.516      2.703     -1.226     -6.447     -0.373     -4.896     -1.954     11.957    -13.376     -0.124     -4.276      8.163      0.045     -8.080     -6.994    -11.471     17.790    -16.725      1.719     -6.541     -6.030      8.614      0.479     -0.523     -4.377     -1.106      3.386     -2.515      9.786     -2.885      0.129     -2.313     -7.817      8.237     -4.955     -1.481     -0.943      1.076     -8.052      7.993    -25.818      5.853     -2.351     -8.744     -3.653     -3.648 
  7400.00     97.224     -0.313     -1.439     -0.052     -0.611      1.044     -0.110     -3.849     -6.239      6.244     -1.983     -8.885      2.874     -6.545     -4.276     24.134    -32.740      4.853     -4.640     10.228     -0.326    -10.057     -7.584     -7.003     11.579    -16.689      3.417     -6.961     -6.478     10.438      2.192     -5.793      2.693     -2.885      7.744     -3.132     11.035     -0.823      1.097     -8.366     -2.622      8.378     -8.460     -0.055     -3.536      2.866    -10.000     15.806    -42.098     16.758     -5.977    -10.008     -5.020     -3.134 
  7600.00     97.165     -0.177     -1.560     -0.005     -0.180      1.298      1.404     -7.235      2.319      2.570     -0.849     -8.760      3.005     -6.071     -2.600     20.868    -27.026      5.935     -5.709     11.215     -0.365     -9.328     -8.678     -5.966     10.621    -17.781      5.393     -9.837     -2.537      7.146      3.215     -7.900      4.815     -1.823      5.506     -2.315     11.314     -1.564      1.567     -9.608      2.062      5.541     -4.742      0.680     -3.184      3.226     -8.639     13.678    -30.238      7.754     -2.054     -8.874     -2.910     -5.518 
  7800.00     96.949     -0.525     -1.657      0.122     -0.110      1.334     -0.461     -3.443     -1.583     -0.071     -1.234     -7.821      1.813     -8.032     -3.174     19.760    -28.852      6.801     -6.826     11.111     -2.028     -7.363     -7.218     -6.940      8.236    -12.432      5.139     -9.677     -2.009      7.734      2.000     -5.151     -4.926      6.129      3.711     -2.086      7.166      1.880      3.212     -7.704     -1.796      8.551     -4.596     -0.197     -0.536      4.681     -7.106     13.857    -34.304     12.591     -0.796    -11.309      3.136     -7.432 
  8000.00     97.063     -0.955     -1.715      0.132     -0.432      1.185     -2.583      3.646     -6.298     -1.410     -1.127     -3.087     -1.744     -7.327     -5.965     15.315    -25.481      2.636     -8.961     12.048    -10.042     -2.883     -5.812     -8.961      5.849     -8.768      4.944    -12.149      1.904      5.728     -3.679     -2.355    -16.690     12.476     -0.662     -0.691     -5.309      9.338      1.734     -6.425     -7.314      7.582     -6.428     -2.353     -0.641      6.536     -7.917     15.025    -38.068     11.667      0.380    -12.303      6.933    -10.408 
  8200.00     96.543     -1.162     -1.052      0.042     -0.055      1.416     -4.872     -1.777    -22.435     10.141     -5.969    -12.277     -0.096     -8.242     -0.144     23.455    -48.125     24.247     -6.943      9.770      3.238     -6.663      7.756     -2.754     12.714      1.705     10.914      0.996      5.694      9.846      4.612    -16.129      1.059     11.354      5.284     -3.660      4.522     10.741      6.809    -12.396     10.362      3.603      1.227      0.980      4.684      8.351     -1.498      7.197    -27.325     19.623      2.518     -4.346      0.194      1.799 
  8400.00     97.387     -0.914     -1.101     -0.770     -0.584      0.947     -0.210     -3.631     -0.754      1.814      0.616     -6.029      0.594     -3.957     -1.542      7.011    -17.031      9.210     -4.762      3.963      3.351     -5.898      3.337     -6.988     13.566     -1.812      8.276     -5.560      9.422      2.362      0.871     -7.966     -6.939      8.287     -1.185     -3.582      6.490      0.372     -0.178     -9.669      3.110     -2.250      1.674     -3.725      2.208      1.019     -7.305      5.628    -18.400      1.223      2.051     -3.289     -3.627     -3.081 
  8600.00     97.280     -0.741     -0.822     -0.734     -0.391      1.299     -1.012     -5.320     -2.902      4.661      1.994    -10.280      3.134     -3.897      2.395     -1.839     -5.054     10.689     -0.262      1.197      8.194     -4.549      4.553    -10.781     19.472     -1.890      7.151     -2.901      7.835      2.270      2.153    -13.283     -0.677      6.809     -1.363     -2.537      5.392      1.895      2.572     -6.402     -0.489      1.256     -4.179      5.715     -0.899      1.979     -4.920     -6.722     -3.177     -1.653      2.996     -1.868     -4.424     -0.544 
  8800.00     97.212     -0.399     -0.513     -0.067     -0.088      1.579      0.508     -6.043     -2.226      7.318      1.497     -9.880      4.089     -3.298      3.432     -7.521      0.794     12.133      5.484     -5.986     12.571     -2.129      4.809     -7.532     22.266     -7.794     11.977     -4.316     12.597     -1.048      7.047    -16.965     21.123     -8.024      0.575      9.179      2.709      2.288      5.363     -5.607      7.155     -6.501     -5.855     15.775     -4.109      0.550     -3.702    -13.262      6.939     -8.799     11.683    -12.388      4.890     -1.942 
  9000.00      0.000      0.000      0.000      0.000      0.000      0.000      0.000      0.000      0.000      0.000      0.000      0.000      0.000      0.000      0.000      0.000      0.000      0.000      0.000      0.000      0.000      0.000      0.000      0.000      0.000      0.000      0.000      0.000      0.000      0.000      0.000      0.000      0.000      0.000      0.000      0.000      0.000      0.000      0.000      0.000      0.000      0.000      0.000      0.000      0.000      0.000      0.000      0.000      0.000      0.000      0.000      0.000      0.000      0.000 
  9200.00      0.000      0.000      0.000      0.000      0.000      0.000      0.000      0.000      0.000      0.000      0.000      0.000      0.000      0.000      0.000      0.000      0.000      0.000      0.000      0.000      0.000      0.000      0.000      0.000      0.000      0.000      0.000      0.000      0.000      0.000      0.000      0.000      0.000      0.000      0.000      0.000      0.000      0.000      0.000      0.000      0.000      0.000      0.000      0.000      0.000      0.000      0.000      0.000      0.000      0.000      0.000      0.000      0.000      0.000 
  9400.00      0.000      0.000      0.000      0.000      0.000      0.000      0.000      0.000      0.000      0.000      0.000      0.000      0.000      0.000      0.000      0.000      0.000      0.000      0.000      0.000      0.000      0.000      0.000      0.000      0.000      0.000      0.000      0.000      0.000      0.000      0.000      0.000      0.000      0.000      0.000      0.000      0.000      0.000      0.000      0.000      0.000      0.000      0.000      0.000      0.000      0.000      0.000      0.000      0.000      0.000      0.000      0.000      0.000      0.000 
  9600.00      0.000      0.000      0.000      0.000      0.000      0.000      0.000      0.000      0.000      0.000      0.000      0.000      0.000      0.000      0.000      0.000      0.000      0.000      0.000      0.000      0.000      0.000      0.000      0.000      0.000      0.000      0.000      0.000      0.000      0.000      0.000      0.000      0.000      0.000      0.000      0.000      0.000      0.000      0.000      0.000      0.000      0.000      0.000      0.000      0.000      0.000      0.000      0.000      0.000      0.000      0.000      0.000      0.000      0.000 
  9800.00      0.000      0.000      0.000      0.000      0.000      0.000      0.000      0.000      0.000      0.000      0.000      0.000      0.000      0.000      0.000      0.000      0.000      0.000      0.000      0.000      0.000      0.000      0.000      0.000      0.000      0.000      0.000      0.000      0.000      0.000      0.000      0.000      0.000      0.000      0.000      0.000      0.000      0.000      0.000      0.000      0.000      0.000      0.000      0.000      0.000      0.000      0.000      0.000      0.000      0.000      0.000      0.000      0.000      0.000 
 10000.00      0.000      0.000      0.000      0.000      0.000      0.000      0.000      0.000      0.000      0.000      0.000      0.000      0.000      0.000      0.000      0.000      0.000      0.000      0.000      0.000      0.000      0.000      0.000      0.000      0.000      0.000      0.000      0.000      0.000      0.000      0.000      0.000      0.000      0.000      0.000      0.000      0.000      0.000      0.000      0.000      0.000      0.000      0.000      0.000      0.000      0.000      0.000      0.000      0.000      0.000      0.000      0.000      0.000      0.000 
  3200.00      0.000      0.000      0.000      0.000      0.000      0.000      0.000      0.000      0.000      0.000      0.000      0.000      0.000      0.000      0.000      0.000      0.000      0.000      0.000      0.000      0.000      0.000      0.000      0.000      0.000      0.000      0.000      0.000      0.000      0.000      0.000      0.000      0.000      0.000      0.000      0.000      0.000      0.000      0.000      0.000      0.000      0.000      0.000      0.000      0.000      0.000      0.000      0.000      0.000      0.000      0.000      0.000      0.000      0.000 
  3300.00      0.000      0.000      0.000      0.000      0.000      0.000      0.000      0.000      0.000      0.000      0.000      0.000      0.000      0.000      0.000      0.000      0.000      0.000      0.000      0.000      0.000      0.000      0.000      0.000      0.000      0.000      0.000      0.000      0.000      0.000      0.000      0.000      0.000      0.000      0.000      0.000      0.000      0.000      0.000      0.000      0.000      0.000      0.000      0.000      0.000      0.000      0.000      0.000      0.000      0.000      0.000      0.000      0.000      0.000 
  3400.00      0.000      0.000      0.000      0.000      0.000      0.000      0.000      0.000      0.000      0.000      0.000      0.000      0.000      0.000      0.000      0.000      0.000      0.000      0.000      0.000      0.000      0.000      0.000      0.000      0.000      0.000      0.000      0.000      0.000      0.000      0.000      0.000      0.000      0.000      0.000      0.000      0.000      0.000      0.000      0.000      0.000      0.000      0.000      0.000      0.000      0.000      0.000      0.000      0.000      0.000      0.000      0.000      0.000      0.000 
  3500.00      0.000      0.000      0.000      0.000      0.000      0.000      0.000      0.000      0.000      0.000      0.000      0.000      0.000      0.000      0.000      0.000      0.000      0.000      0.000      0.000      0.000      0.000      0.000      0.000      0.000      0.000      0.000      0.000      0.000      0.000      0.000      0.000      0.000      0.000      0.000      0.000      0.000      0.000      0.000      0.000      0.000      0.000      0.000      0.000      0.000      0.000      0.000      0.000      0.000      0.000      0.000      0.000      0.000      0.000 
  3550.00      0.000      0.000      0.000      0.000      0.000      0.000      0.000      0.000      0.000      0.000      0.000      0.000      0.000      0.000      0.000      0.000      0.000      0.000      0.000      0.000      0.000      0.000      0.000      0.000      0.000      0.000      0.000      0.000      0.000      0.000      0.000      0.000      0.000      0.000      0.000      0.000      0.000      0.000      0.000      0.000      0.000      0.000      0.000      0.000      0.000      0.000      0.000      0.000      0.000      0.000      0.000      0.000      0.000      0.000 
  3600.00      0.000      0.000      0.000      0.000      0.000      0.000      0.000      0.000      0.000      0.000      0.000      0.000      0.000      0.000      0.000      0.000      0.000      0.000      0.000      0.000      0.000      0.000      0.000      0.000      0.000      0.000      0.000      0.000      0.000      0.000      0.000      0.000      0.000      0.000      0.000      0.000      0.000      0.000      0.000      0.000      0.000      0.000      0.000      0.000      0.000      0.000      0.000      0.000      0.000      0.000      0.000      0.000      0.000      0.000 
  3650.00      0.000      0.000      0.000      0.000      0.000      0.000      0.000      0.000      0.000      0.000      0.000      0.000      0.000      0.000      0.000      0.000      0.000      0.000      0.000      0.000      0.000      0.000      0.000      0.000      0.000      0.000      0.000      0.000      0.000      0.000      0.000      0.000      0.000      0.000      0.000      0.000      0.000      0.000      0.000      0.000      0.000      0.000      0.000      0.000      0.000      0.000      0.000      0.000      0.000      0.000      0.000      0.000      0.000      0.000 
  3700.00      0.000      0.000      0.000      0.000      0.000      0.000      0.000      0.000      0.000      0.000      0.000      0.000      0.000      0.000      0.000      0.000      0.000      0.000      0.000      0.000      0.000      0.000      0.000      0.000      0.000      0.000      0.000      0.000      0.000      0.000      0.000      0.000      0.000      0.000      0.000      0.000      0.000      0.000      0.000      0.000      0.000      0.000      0.000      0.000      0.000      0.000      0.000      0.000      0.000      0.000      0.000      0.000      0.000      0.000 
  3750.00      0.000      0.000      0.000      0.000      0.000      0.000      0.000      0.000      0.000      0.000      0.000      0.000      0.000      0.000      0.000      0.000      0.000      0.000      0.000      0.000      0.000      0.000      0.000      0.000      0.000      0.000      0.000      0.000      0.000      0.000      0.000      0.000      0.000      0.000      0.000      0.000      0.000      0.000      0.000      0.000      0.000      0.000      0.000      0.000      0.000      0.000      0.000      0.000      0.000      0.000      0.000      0.000      0.000      0.000 
  3800.00      0.000      0.000      0.000      0.000      0.000      0.000      0.000      0.000      0.000      0.000      0.000      0.000      0.000      0.000      0.000      0.000      0.000      0.000      0.000      0.000      0.000      0.000      0.000      0.000      0.000      0.000      0.000      0.000      0.000      0.000      0.000      0.000      0.000      0.000      0.000      0.000      0.000      0.000      0.000      0.000      0.000      0.000      0.000      0.000      0.000      0.000      0.000      0.000      0.000      0.000      0.000      0.000      0.000      0.000 
  3850.00      0.000      0.000      0.000      0.000      0.000      0.000      0.000      0.000      0.000      0.000      0.000      0.000      0.000      0.000      0.000      0.000      0.000      0.000      0.000      0.000      0.000      0.000      0.000      0.000      0.000      0.000      0.000      0.000      0.000      0.000      0.000      0.000      0.000      0.000      0.000      0.000      0.000      0.000      0.000      0.000      0.000      0.000      0.000      0.000      0.000      0.000      0.000      0.000      0.000      0.000      0.000      0.000      0.000      0.000 
  3900.00      0.000      0.000      0.000      0.000      0.000      0.000      0.000      0.000      0.000      0.000      0.000      0.000      0.000      0.000      0.000      0.000      0.000      0.000      0.000      0.000      0.000      0.000      0.000      0.000      0.000      0.000      0.000      0.000      0.000      0.000      0.000      0.000      0.000      0.000      0.000      0.000      0.000      0.000      0.000      0.000      0.000      0.000      0.000      0.000      0.000      0.000      0.000      0.000      0.000      0.000      0.000      0.000      0.000      0.000 
  3950.00      0.000      0.000      0.000      0.000      0.000      0.000      0.000      0.000      0.000      0.000      0.000      0.000      0.000      0.000      0.000      0.000      0.000      0.000      0.000      0.000      0.000      0.000      0.000      0.000      0.000      0.000      0.000      0.000      0.000      0.000      0.000      0.000      0.000      0.000      0.000      0.000      0.000      0.000      0.000      0.000      0.000      0.000      0.000      0.000      0.000      0.000      0.000      0.000      0.000      0.000      0.000      0.000      0.000      0.000 
  4000.00      0.000      0.000      0.000      0.000      0.000      0.000      0.000      0.000      0.000      0.000      0.000      0.000      0.000      0.000      0.000      0.000      0.000      0.000      0.000      0.000      0.000      0.000      0.000      0.000      0.000      0.000      0.000      0.000      0.000      0.000      0.000      0.000      0.000      0.000      0.000      0.000      0.000      0.000      0.000      0.000      0.000      0.000      0.000      0.000      0.000      0.000      0.000      0.000      0.000      0.000      0.000      0.000      0.000      0.000 
  4050.00     30.106      0.895      0.504     -2.106     -0.077     -2.166     -1.850     -5.267     -1.912     23.586      0.278    -11.253     -3.961      8.914     -3.374     13.968     -8.186     14.584     14.336      2.202     15.416    -11.525     10.297     -6.397     27.004     -8.615     11.549      7.116      0.273     12.849     -0.552     -4.559    -11.937     -4.617      1.606      3.278      9.294      1.429     -0.257      6.197     -9.894      5.163     -0.348     -0.448      3.312     -3.415     -3.654     -1.162    -11.351     -3.400     -5.065     -3.977     -9.500     -2.414 
  4100.00     30.260      1.147      0.471     -1.566     -0.361     -2.355     -1.284     -5.569     -2.721     23.678     -0.114    -14.256      1.674      7.934     -2.307      9.267     -5.610     14.706     17.810     -1.843     18.771    -12.162      8.170     -4.336     19.745     -5.787      9.070      9.256     -3.554     11.442     -0.480     -1.351    -15.808     -1.627      3.933      0.640     11.483      0.923      0.024      4.097     -8.773      3.767     -4.254      2.484     -0.655     -3.510     -3.228     -6.291    -12.475     -1.102     -9.113     -2.206    -10.888     -1.807 
  4150.00     30.402      0.976      0.333     -1.265     -0.340     -2.061     -2.471     -3.464     -5.698     19.890     -0.697    -12.757      2.731      5.510     -2.939      8.442     -3.550     12.653     18.740     -3.009     17.494    -10.379      7.411     -6.209     16.577     -1.780      4.346     10.761     -7.378     10.954     -1.090     -1.641    -14.214     -2.668      3.297     -0.186      9.372      1.317      0.243      6.788    -11.051      5.360     -4.954      3.537     -1.599     -2.506     -3.905     -8.721     -7.963     -3.297     -9.376      0.181    -13.750      1.591 
  4200.00     30.398      0.715      0.474     -1.227     -0.370     -2.056     -2.606     -3.685     -4.864     17.654     -1.601    -11.124      2.801      3.716     -3.632      6.979     -1.293     11.702     18.109     -2.291     13.700     -8.541      6.110     -6.678     18.016     -1.604      5.726      9.034     -6.133     11.987     -2.533     -1.878    -12.468     -3.586      3.687     -0.174      8.187      2.489     -0.751     10.122    -15.093      6.649     -4.180      2.623     -0.577     -2.287     -4.400     -8.793     -7.250     -3.423     -8.815     -0.850    -11.126      0.419 
  4250.00     30.502      0.514      0.170     -1.552     -0.397     -2.062     -1.718     -3.580     -0.433     15.365     -0.022    -10.302      3.622      3.178     -3.321     10.259    -10.788     18.880     16.688     -3.336     14.023     -7.558      4.754     -2.268      8.507     -0.981      8.146      4.263     -1.411      8.153     -2.930      1.584    -21.014      1.816      3.531     -2.998     12.431      0.270     -1.911     13.509    -24.395     11.494     -3.936      0.700      1.062     -3.049     -2.861     -3.760    -16.198      0.938     -4.850     -5.163     -4.607     -1.730 
  4300.00     30.620      0.461      0.269     -1.529     -0.385     -1.818     -2.999     -1.314     -3.668     15.494      0.384     -9.460      1.373      3.000     -2.806      6.286      0.672     10.020     17.998     -2.710     14.197     -8.094      5.791     -6.978     15.131     -0.947      3.866      8.069     -6.669     11.099     -2.839     -0.929    -12.208     -3.459      5.198     -0.697      9.882      1.534     -1.321      8.809    -14.582      6.802     -5.074      2.705     -1.006     -1.771     -3.196     -9.912     -3.530     -3.792     -7.748     -0.426    -10.643      0.224 
  4350.00     30.953      0.484      0.135     -1.581     -0.542     -1.727     -2.006     -0.611     -1.628     14.694      1.202     -8.385      1.321      2.861     -4.021      7.264      0.544      8.435     16.083     -0.795     10.389     -5.870      5.090     -7.271     13.676     -2.329      1.950      6.472     -5.910      9.151     -2.439     -1.970     -9.166     -4.027      5.774     -0.592      9.849      1.480     -2.278      7.913    -16.148      6.832     -5.378      1.845     -1.207     -2.196     -3.898     -8.165     -6.616     -3.653     -8.586     -1.179    -10.865     -1.426 
  4400.00     31.351      0.602      0.082     -1.509     -0.529     -1.343     -0.131     -0.973      0.403     13.789      1.041     -7.214      0.744      2.906     -3.447      6.563      1.734      5.742     14.593     -1.103     10.500     -6.049      2.533     -5.564      9.723     -3.004     -0.017      6.809     -9.461     10.088     -1.283     -2.129     -5.977     -5.231      5.763     -0.181      9.947      0.218     -2.852      7.838    -14.430      5.958     -4.395      1.724     -0.493     -2.473     -3.927     -8.855     -2.311     -4.204     -7.596     -0.155    -12.338      0.353 
  4450.00     31.887      1.028      0.230     -1.217     -0.661     -1.153      1.170     -1.358      2.469     12.532      0.553     -7.185      1.103      3.608     -3.362      6.489      2.211      4.576     13.875     -1.505      9.920     -5.232      2.322     -6.195      9.866     -4.198      0.983      5.101     -7.365      8.695      0.206     -2.241     -4.604     -4.090      6.270     -0.645     10.665     -0.372     -3.270      6.230    -14.220      5.328     -5.742      2.268     -1.973     -2.844     -3.357     -7.077     -2.903     -3.596     -7.116      0.291    -11.663     -0.530 
  4500.00     32.563      1.473      0.351     -0.934     -0.625     -1.212      0.577     -2.226     -0.254     13.578     -0.779     -8.210      0.946      4.971     -3.181      5.291      2.373      4.326     13.969     -2.357     11.526     -5.955      3.686     -7.515     15.460     -6.797      2.236      6.263     -6.194      7.218     -0.036     -0.684     -6.995     -3.342      4.554     -0.399      9.272     -0.450     -2.886      6.537    -14.164      5.806     -5.209      1.979     -1.514     -2.819     -4.499     -6.144     -6.882     -1.546     -9.053      1.300    -14.328      1.160 
  4550.00     33.266      1.498      0.199     -0.627     -0.496     -1.235     -0.046     -4.046     -3.757     14.577     -1.758     -9.758      3.060      4.311     -4.633      5.026     -0.603      5.758     13.602     -3.188     11.310     -6.048      3.170     -6.505     13.222     -5.264      1.670      7.956     -8.393      7.645      0.043     -1.517     -6.380     -3.584      3.605     -0.857      8.307      0.185     -1.897      6.017     -8.848      3.772     -3.769      3.231     -1.838     -1.824     -6.508     -5.005     -8.185     -1.173    -10.253      3.020    -16.756      4.685 
  4600.00     33.758      1.253      0.219     -0.610     -0.491     -1.415     -1.591     -5.744     -2.632     12.687     -1.333     -9.593      3.461      4.723     -5.104      3.160      1.148      5.260     13.137     -3.235      9.504     -6.236      3.529     -5.376     11.061     -2.335      1.116      7.838     -7.225      6.661     -2.248     -0.794     -9.561     -4.333      1.890     -0.736      5.298      1.190     -1.254      6.301     -7.711      3.054     -3.821      3.552     -2.563     -1.381     -6.140     -5.020     -8.054     -2.518     -9.993      2.779    -14.867      3.371 
  4650.00     33.926      0.933      0.295     -0.596     -0.485     -1.395     -2.269     -5.088     -4.120     12.053     -1.615     -8.927      3.675      3.813     -5.098      2.146      0.856      6.997     12.183     -2.868      7.147     -4.700      4.318     -5.109     10.962     -0.685      2.604      7.158     -4.655      6.150     -2.715     -2.147     -8.664     -3.657      0.949     -0.896      4.305      2.500     -1.116      6.723     -7.079      2.225     -2.586      3.381     -2.209     -0.960     -5.588     -5.748     -6.358     -3.725     -8.910      2.535    -12.889      2.544 
  4700.00     33.989      0.680      0.241     -0.639     -0.462     -1.350     -2.308     -5.058     -3.138     11.318     -1.402     -8.760      3.858      3.237     -5.246      2.687     -0.294      7.881     11.522     -2.574      6.256     -4.489      4.247     -5.297     10.942     -0.457      1.817      7.530     -4.848      6.445     -2.580     -3.842     -6.413     -4.573      1.595     -0.807      4.201      2.936     -0.193      6.948     -7.278      3.090     -2.135      3.272     -1.002     -1.033     -4.795     -4.783     -7.922     -1.974     -8.051      2.144    -10.750      1.625 
  4750.00     34.040      0.482      0.223     -0.754     -0.433     -1.381     -2.119     -5.024     -2.210     11.050     -1.425     -8.466      3.510      2.887     -4.909      2.147      0.167      7.725     11.213     -1.945      5.411     -4.167      3.661     -3.956      8.570     -0.024      2.443      7.019     -4.694      6.454     -3.636     -4.163     -6.668     -4.370      1.554     -0.626      3.211      3.986     -0.856      7.339     -7.432      2.254     -2.089      3.781     -1.989     -0.156     -4.620     -5.677     -7.093     -2.805     -8.277      2.097    -10.696      0.235 
  4800.00     34.138      0.334      0.190     -0.874     -0.376     -1.288     -2.525     -3.145     -4.467     11.450     -2.067     -7.734      1.919      2.276     -4.427      2.548     -2.036      9.426      9.946     -1.584      5.093     -3.632      3.941     -5.085     11.344     -1.734      2.653      7.283     -4.504      6.643     -3.015     -4.577     -5.421     -4.094      2.431     -0.720      4.320      3.853     -0.385      6.454     -6.269      2.222     -1.184      3.195     -0.632     -0.210     -3.794     -7.191     -5.341     -3.270     -7.198      1.155     -9.447     -0.281 
  4850.00     34.456      0.318      0.229     -0.964     -0.455     -1.125     -1.741     -2.584     -2.496     10.284     -1.639     -7.056      1.852      1.608     -4.142      2.104     -0.868      8.122      9.843     -1.126      4.073     -2.895      4.213     -4.782     10.248     -0.901      2.989      6.497     -3.542      6.940     -2.802     -5.471     -2.871     -4.661      2.901     -0.760      4.271      3.535     -0.893      7.526     -9.199      3.021     -1.249      2.713      0.273     -1.157     -2.400     -6.354     -5.027     -2.238     -6.209      0.073     -5.904     -2.328 
  4900.00     34.882      0.428      0.284     -1.038     -0.471     -0.917     -1.209     -1.600     -1.863      9.657     -1.803     -5.977      0.792      1.391     -2.420      1.048      1.468      7.181      9.347     -1.137      4.920     -2.505      4.916     -5.212     11.707     -1.984      2.625      6.422     -2.884      6.232     -3.096     -4.233     -3.605     -4.266      3.461     -0.953      4.393      3.109     -1.692      7.184     -9.556      3.054     -1.848      3.235     -0.806     -0.650     -0.716     -8.937     -1.484     -2.522     -6.532      0.903     -6.463     -2.369 
  4950.00     35.426      0.528      0.323     -1.038     -0.497     -0.784     -0.246     -1.861     -1.716     10.222     -2.263     -6.025      0.761      1.331     -2.212      1.210      1.160      5.694      8.279     -0.843      4.709     -3.112      3.098     -4.236     10.529     -3.634      2.962      5.829     -4.326      7.283     -2.744     -4.333     -2.107     -5.123      4.204     -1.062      4.840      2.712     -2.178      6.067     -8.994      2.820     -2.007      2.930     -0.985     -0.643     -0.282     -8.259     -0.648     -2.004     -4.917      0.188     -4.973     -2.806 
  5000.00     36.063      0.793      0.449     -0.897     -0.484     -0.561      0.404     -1.503     -0.879      8.945     -2.700     -5.381     -0.101      1.557     -2.362      0.370      2.123      4.021      6.471     -0.228      2.579     -1.914      2.964     -4.768     11.841     -5.043      2.474      5.288     -3.446      6.265     -2.034     -4.712      0.062     -4.747      4.027     -0.789      4.284      2.644     -2.483      5.643     -9.006      2.625     -1.561      2.886     -0.751     -0.744     -0.336     -8.249      1.136     -2.760     -4.681      1.110     -6.259     -2.192 
  5100.00     37.798      1.381      0.410     -0.420     -0.478     -0.609      0.822     -1.656     -1.781      8.353     -2.081     -6.335      2.484      1.558     -3.610      0.479      2.615      1.230      7.179     -1.852      3.681     -2.590      1.925     -6.492     15.351     -8.485      3.044      4.647     -3.664      5.120     -0.203     -2.727     -0.146     -3.476      3.836     -1.111      5.383      1.099     -2.377      4.748     -9.409      3.282     -2.217      2.295     -1.207     -1.317     -2.329     -4.380     -3.625     -1.550     -6.146      1.554     -7.682     -1.409 
  5200.00     39.225      1.284      0.262     -0.155     -0.425     -0.662     -0.333     -4.079     -2.712      8.422     -0.575     -7.176      4.761      2.169     -2.898     -1.257      4.490      0.836      7.487     -2.901      5.628     -4.822      1.454     -5.052     13.162     -6.590      2.669      4.237     -3.544      4.184      0.305     -2.159      0.765     -5.044      2.248      0.087      3.912      1.038     -0.889      4.544     -5.795      1.565     -2.237      3.181     -2.131     -1.643     -1.924     -4.125     -2.080     -2.881     -5.400      0.945     -5.705     -1.136 
  5300.00     39.672      0.886      0.259     -0.181     -0.360     -0.714     -1.331     -5.048     -2.258      7.327     -0.155     -7.117      5.098      2.139     -2.687     -2.079      4.651      2.378      6.961     -2.798      4.846     -4.556      1.503     -4.055     10.735     -3.777      2.456      4.273     -2.978      4.030     -0.615     -2.031     -0.605     -5.031      0.866      0.343      2.794      1.565      0.022      5.619     -5.669      1.882     -1.438      3.242     -1.760     -1.490     -1.771     -4.905     -1.325     -4.395     -4.176     -0.478     -3.433     -2.171 
  5400.00     39.747      0.564      0.234     -0.242     -0.344     -0.616     -1.350     -4.024     -1.580      6.458      0.137     -6.581      4.958      1.497     -2.305     -2.031      3.785      3.782      6.453     -2.350      3.992     -3.873      2.101     -4.241     11.029     -3.502      3.519      3.657     -1.278      3.849     -0.815     -2.522     -0.959     -4.324      0.730      0.897      1.912      2.309      0.682      5.508     -5.792      2.192     -1.999      3.525     -1.923     -1.238     -0.920     -4.105     -2.685     -3.858     -3.194     -1.301     -0.665     -3.893 
  5500.00     39.825      0.335      0.164     -0.469     -0.265     -0.547     -1.544     -3.522     -1.280      6.270     -0.409     -5.819      3.037      1.415     -1.136     -2.180      3.141      5.121      5.706     -1.559      4.291     -3.683      1.928     -3.544      9.056     -3.148      3.842      2.928     -0.750      3.644     -1.804     -2.091     -2.617     -3.544      0.670      1.087      1.604      2.771      0.544      6.399     -7.266      3.256     -1.510      2.597     -0.595     -1.136      0.174     -4.493     -3.375     -2.849     -2.015     -2.432      1.178     -5.052 
  5600.00     40.202      0.237      0.179     -0.658     -0.307     -0.382     -1.348     -2.585     -1.144      6.124     -0.454     -5.356      1.942      0.980     -0.876     -1.857      3.220      4.165      5.045     -0.765      3.725     -3.203      2.175     -3.713      9.499     -3.929      4.196      2.682     -0.738      4.062     -1.803     -2.422     -1.876     -3.370      1.429      1.195      1.798      2.680      0.486      5.490     -7.665      3.855     -2.202      1.980     -0.017     -1.564      0.620     -3.827     -4.349     -1.537     -1.096     -3.029      2.332     -5.894 
  5700.00     40.911      0.389      0.209     -0.692     -0.360     -0.140     -0.638     -1.456     -1.567      6.138     -0.942     -4.686      1.058      0.632      0.369     -0.082      2.361      3.246      4.398      0.143      3.883     -2.961      2.038     -3.129      8.700     -5.009      3.620      2.736     -1.470      4.207     -0.819     -3.371      1.590     -4.073      2.746      0.906      2.687      2.164     -0.040      4.144     -7.788      4.313     -2.558      1.593      0.073     -1.938      0.672     -3.878     -4.276     -0.515     -1.210     -2.504      0.831     -5.353 
  5800.00     41.941      0.738      0.262     -0.536     -0.396      0.077      0.135     -0.753     -1.319      5.589     -1.074     -4.299      0.576      1.002     -0.107      1.248      1.600      0.895      3.489      0.444      2.762     -2.588      0.999     -3.730     10.067     -7.868      3.556      1.892     -2.007      3.985      0.233     -3.579      3.415     -3.460      2.975      0.859      2.782      1.838     -0.295      3.369     -9.064      5.294     -3.012      1.205      0.411     -2.502      0.333     -1.873     -5.026      0.923     -1.106     -1.601     -0.096     -4.462 
  5900.00     43.263      1.248      0.335     -0.325     -0.426      0.162      0.195     -0.215     -0.619      4.144     -0.425     -3.404      0.008      2.050     -0.872      0.366      3.730     -1.563      3.325      0.095      1.941     -1.909      0.462     -4.731     11.653     -8.558      2.582      1.696     -2.014      2.979      0.700     -2.251      2.906     -2.542      1.804      0.618      2.674      0.854     -0.691      2.996    -10.211      5.716     -2.979     -0.066      1.193     -3.308     -0.336     -0.602     -3.786     -0.044     -1.462     -0.177     -1.969     -2.693 
  6000.00     44.373      1.438      0.290     -0.122     -0.395      0.059     -0.180     -1.344     -1.569      4.655     -0.184     -4.003      1.640      1.790     -0.829      0.100      4.670     -2.662      3.929     -0.589      3.267     -3.051      0.388     -5.087     12.630     -8.706      2.022      2.213     -3.099      2.891      1.204     -1.929      3.363     -3.268      1.137      0.659      2.060      0.637     -0.594      2.616     -9.076      4.983     -2.921     -0.035      0.428     -2.870     -1.197     -0.092     -4.150     -0.134     -2.785      0.390     -3.568     -1.212 
  6100.00     44.984      1.333      0.247     -0.062     -0.274      0.040     -0.488     -3.094     -1.232      4.505     -0.239     -4.213      2.607      1.375     -0.160     -0.108      4.881     -2.451      4.491     -1.677      5.116     -4.151      0.336     -3.253      9.749     -6.403      1.777      2.834     -3.511      2.973      1.272     -1.144      1.977     -3.239      0.740      0.361      1.656      0.585     -0.043      2.697     -7.269      4.348     -2.629      0.729     -0.230     -1.972     -0.977     -0.449     -3.536     -0.145     -3.178      0.728     -3.694     -0.475 
  6200.00     45.146      1.158      0.218     -0.072     -0.242      0.056     -0.285     -4.179     -0.661      4.801     -0.122     -4.624      3.494      1.190      0.293     -0.289      4.487     -1.395      4.366     -1.610      5.211     -4.278      0.391     -3.002      8.876     -5.430      1.898      2.766     -3.067      2.678      1.146     -1.311      1.460     -3.369     -0.093      0.687      0.967      0.664      0.202      3.514     -7.149      3.901     -2.139      0.861     -0.110     -2.043     -0.794     -0.710     -2.896     -0.780     -2.655      0.138     -2.656     -0.741 
  6300.00     45.017      0.978      0.192     -0.088     -0.213      0.084     -0.012     -4.503      0.061      4.797     -0.210     -4.564      3.621      0.999      0.564     -0.061      3.049      0.285      4.370     -1.708      5.293     -3.981      0.512     -1.825      6.601     -3.899      2.257      2.731     -2.419      2.567      1.084     -0.716     -0.167     -2.428     -0.095      0.766      1.036      0.682      0.481      4.005     -7.361      3.847     -2.030      0.975     -0.013     -1.985     -0.387     -0.697     -3.880     -0.489     -2.335     -0.389     -1.594     -1.186 
  6400.00     44.736      0.803      0.160     -0.155     -0.159      0.147      0.023     -3.753     -0.180      4.580     -0.541     -4.066      2.928      0.618      0.603      0.463      1.467      1.580      4.375     -1.559      5.162     -3.523      0.746     -1.134      4.575     -2.123      2.073      2.823     -2.012      2.681      0.562     -0.626     -0.721     -2.212      0.015      1.007      0.496      1.050      0.525      3.953     -6.887      3.681     -1.755      0.943     -0.007     -1.426     -0.103     -0.804     -3.980     -0.257     -1.654     -1.015     -0.243     -1.665 
  6500.00     44.477      0.665      0.122     -0.282     -0.133      0.211      0.022     -2.601     -0.166      4.040     -0.660     -3.336      2.204      0.080      0.733      0.832      0.189      2.889      4.270     -1.370      5.013     -2.667      0.921     -0.782      2.588     -0.727      2.148      2.292     -1.522      2.612      0.254     -0.629     -0.644     -2.041      0.299      1.066      0.506      0.915      0.412      3.833     -6.832      3.647     -1.625      0.650      0.276     -1.264      0.242     -1.479     -3.761      0.292     -1.336     -1.546      0.757     -1.852 
  6600.00     44.340      0.595      0.120     -0.432     -0.138      0.234      0.289     -2.124      0.203      4.069     -0.639     -2.901      1.476     -0.217      1.213      1.601     -0.409      3.095      4.582     -1.341      6.108     -2.850      0.866      0.362      0.943      0.076      2.246      2.201     -1.302      3.048      0.332     -0.961      0.584     -2.843      1.321      0.871      1.297      0.382      0.227      3.417     -6.466      3.563     -2.003      0.822     -0.040     -1.049      0.389     -2.398     -3.327      0.847     -1.028     -2.264      1.322     -2.123 
  6700.00     44.353      0.594      0.157     -0.552     -0.147      0.254      0.422     -1.369      0.629      3.747     -0.409     -2.443      0.954     -0.399      1.110      1.878     -0.099      2.034      4.576     -1.350      5.845     -2.539      1.174      0.020      0.926     -0.189      1.960      1.973     -1.236      3.152      0.179     -1.172      1.374     -2.941      1.727      0.648      1.555      0.120     -0.155      3.037     -6.357      3.298     -2.089      0.622     -0.092     -1.026      0.317     -2.377     -3.139      1.118     -1.259     -2.191      1.403     -2.659 
  6800.00     44.544      0.730      0.228     -0.646     -0.140      0.272      0.897     -1.509      1.164      4.068     -0.263     -2.489      0.614     -0.073      1.349      2.000      0.789      0.588      4.576     -1.303      6.000     -2.531      0.752      0.513      0.280     -0.639      1.359      1.929     -1.640      3.213      1.011     -2.006      3.153     -3.225      2.238      0.087      3.039     -0.795     -0.300      2.011     -5.529      2.807     -1.923      0.640     -0.075     -1.382      0.259     -2.904     -1.609      0.820     -1.539     -1.247      0.109     -2.289 
  6900.00     44.940      0.975      0.276     -0.602     -0.163      0.335      1.462     -1.463      1.945      3.886      0.130     -2.229      0.392      0.487      1.472      2.359      0.913     -0.620      3.760     -1.180      5.753     -2.661      0.531     -0.369      1.585     -2.223      0.696      1.731     -2.051      3.062      1.151     -2.064      3.806     -3.019      2.005      0.039      2.731     -0.760     -1.105      2.079     -6.746      2.884     -2.205      0.251     -0.295     -1.567      0.434     -2.067     -1.868      1.647     -1.471     -0.751     -0.083     -2.310 
  7000.00     45.437      1.349      0.391     -0.451     -0.106      0.302      1.572     -1.705      1.346      4.254     -0.251     -2.318      0.010      1.112      1.399      1.729      3.061     -2.843      3.737     -1.189      5.383     -2.570      0.240     -1.163      4.412     -4.334      0.863      1.908     -2.395      2.919      1.629     -1.758      4.206     -2.619      1.954     -0.132      2.732     -0.757     -1.138      1.939     -6.714      2.957     -2.190      0.288     -0.192     -1.611     -0.169     -1.685     -1.550      1.201     -2.444      0.403     -1.841     -1.793 
  7200.00     46.308      1.618      0.371     -0.251     -0.006      0.245      0.645     -1.769     -1.411      5.014      0.064     -3.006      1.500      1.027      1.340      1.113      4.249     -4.403      2.878     -0.843      4.574     -2.733      0.148     -2.624      8.052     -6.385      0.313      2.346     -3.420      2.459      1.355     -1.141      3.545     -2.273      1.356     -0.494      1.300      0.156     -0.495      0.976     -4.633      2.419     -2.333      0.661     -0.706     -0.889     -0.648     -0.229     -2.434      1.330     -2.836      1.236     -2.843     -0.593 
  7400.00     46.363      1.577      0.416     -0.188      0.014      0.352     -0.086     -2.125     -1.117      3.787      0.194     -2.222      1.769      0.653      1.871     -0.350      7.127     -5.089      2.352     -0.603      3.412     -1.875      0.103     -3.130      9.444     -6.458      0.505      1.678     -2.550      1.660      1.922     -0.597      4.440     -2.738      1.045     -0.708      1.425     -0.229      0.274      1.974     -5.351      3.124     -1.396     -0.069      0.588     -1.555     -0.396      0.217     -1.013     -0.487     -1.774      1.180     -2.054     -0.291 
  7600.00     45.657      1.502      0.382     -0.220      0.060      0.394      0.371     -3.002      0.847      3.305      0.722     -2.304      2.229      0.792      2.102     -0.990      8.339     -4.897      2.783     -1.083      3.923     -1.768     -0.516     -3.044      8.761     -6.569      0.353      1.314     -2.404      1.066      2.217     -0.394      4.549     -3.381      0.753     -0.965      2.450     -1.176      0.170      2.245     -5.912      3.427     -1.108     -0.122      0.356     -1.773     -0.523     -0.065     -0.135     -2.111     -1.680      1.653     -2.786     -0.020 
  7800.00     44.513      1.344      0.324     -0.195      0.120      0.472      0.664     -2.796      1.826      2.498      0.749     -2.268      2.325      0.304      1.927     -0.315      7.067     -4.130      3.228     -1.266      4.312     -1.678     -0.874     -2.285      5.580     -4.312      0.457      0.859     -2.295      1.556      1.833      0.418      2.650     -2.708      0.780     -0.568      1.829     -0.734      0.521      2.397     -5.772      3.914     -1.564      0.658     -0.483     -0.855     -0.628      1.082     -3.300     -0.140     -2.122      0.894     -1.560     -0.676 
  8000.00     43.187      1.088      0.220     -0.277      0.112      0.496      0.338     -1.344      0.768      2.199      0.555     -1.668      1.423     -0.152      1.508     -0.259      5.339     -3.157      3.042     -0.855      3.022     -0.632     -1.304     -1.910      2.651     -2.700      0.243     -0.144     -1.667      1.465      0.317      1.986     -1.332     -1.320      0.641     -0.248      0.223      0.334      0.549      2.717     -6.105      4.263     -2.741      0.900     -1.030     -0.005     -0.746      1.459     -6.934      1.641     -2.745     -0.384     -0.248     -1.692 
  8200.00     41.689      0.916      0.219     -0.364      0.218      0.595      0.008     -2.310     -0.447      3.172     -0.577     -2.480      0.355     -0.459      1.845      2.732      0.048      0.086      2.678      0.291      3.937     -0.998      0.062     -0.614      1.391     -0.724      0.652      1.445     -2.231      2.909      0.699      0.176      2.141     -2.617      2.089      0.823     -0.053      1.775      1.114      2.233     -3.447      4.037     -2.077      1.260     -0.380      0.852     -0.445      1.071     -7.784      4.284     -3.321     -0.597     -0.913     -0.497 
  8400.00     40.662      1.005      0.191     -0.685      0.103      0.405      1.829     -2.833      5.304      1.715      1.018     -0.853      0.249      0.739      1.505      1.087      4.589     -2.974      2.336      0.524      2.466     -0.241     -1.068     -0.766     -0.935     -1.322     -0.879     -0.568     -1.571      1.107      0.215      0.991      0.627     -2.622      0.688      0.830      0.705     -0.590     -0.421      1.102     -3.074      1.564     -1.575     -0.747     -0.241     -1.137     -1.907      0.796     -5.299     -0.238     -3.627     -0.448     -2.282     -1.991 
  8600.00     40.017      1.193      0.284     -0.745      0.107      0.480      4.086      1.522      7.720     -3.996      1.767      1.620      2.670     -2.788      0.520      4.240     -3.242      0.189      0.581     -0.512     -2.035      4.584     -1.461      2.012     -7.294      1.133     -0.888     -1.715      1.922     -1.388      1.294      6.574     -6.740      2.475     -0.263     -1.651      4.920     -6.484     -1.404      4.822    -12.540      8.088     -1.296     -3.028      1.778     -3.422     -1.485      3.409     -5.447     -0.378     -1.591      0.169     -2.578      1.282 
  8800.00     39.812      1.599      0.563     -0.451      0.220      0.577      2.114      1.827      1.520     -1.117      0.046      0.745      0.282     -1.403      0.601      5.018     -5.979      1.267     -0.308     -1.392      0.518      2.382      0.420     -0.625      1.934     -1.664      2.713     -1.686      2.108      0.721      5.049     -4.973     20.683     -9.306      8.103     -3.920      5.500      0.380      3.220     -6.777     19.121     -8.611      6.236     -2.893      4.120      1.356     -0.312      2.013     -2.154      1.176     -0.552     -0.995      0.676      0.388 
  9000.00      0.000      0.000      0.000      0.000      0.000      0.000      0.000      0.000      0.000      0.000      0.000      0.000      0.000      0.000      0.000      0.000      0.000      0.000      0.000      0.000      0.000      0.000      0.000      0.000      0.000      0.000      0.000      0.000      0.000      0.000      0.000      0.000      0.000      0.000      0.000      0.000      0.000      0.000      0.000      0.000      0.000      0.000      0.000      0.000      0.000      0.000      0.000      0.000      0.000      0.000      0.000      0.000      0.000      0.000 
  9200.00      0.000      0.000      0.000      0.000      0.000      0.000      0.000      0.000      0.000      0.000      0.000      0.000      0.000      0.000      0.000      0.000      0.000      0.000      0.000      0.000      0.000      0.000      0.000      0.000      0.000      0.000      0.000      0.000      0.000      0.000      0.000      0.000      0.000      0.000      0.000      0.000      0.000      0.000      0.000      0.000      0.000      0.000      0.000      0.000      0.000      0.000      0.000      0.000      0.000      0.000      0.000      0.000      0.000      0.000 
  9400.00      0.000      0.000      0.000      0.000      0.000      0.000      0.000      0.000      0.000      0.000      0.000      0.000      0.000      0.000      0.000      0.000      0.000      0.000      0.000      0.000      0.000      0.000      0.000      0.000      0.000      0.000      0.000      0.000      0.000      0.000      0.000      0.000      0.000      0.000      0.000      0.000      0.000      0.000      0.000      0.000      0.000      0.000      0.000      0.000      0.000      0.000      0.000      0.000      0.000      0.000      0.000      0.000      0.000      0.000 
  9600.00      0.000      0.000      0.000      0.000      0.000      0.000      0.000      0.000      0.000      0.000      0.000      0.000      0.000      0.000      0.000      0.000      0.000      0.000      0.000      0.000      0.000      0.000      0.000      0.000      0.000      0.000      0.000      0.000      0.000      0.000      0.000      0.000      0.000      0.000      0.000      0.000      0.000      0.000      0.000      0.000      0.000      0.000      0.000      0.000      0.000      0.000      0.000      0.000      0.000      0.000      0.000      0.000      0.000      0.000 
  9800.00      0.000      0.000      0.000      0.000      0.000      0.000      0.000      0.000      0.000      0.000      0.000      0.000      0.000      0.000      0.000      0.000      0.000      0.000      0.000      0.000      0.000      0.000      0.000      0.000      0.000      0.000      0.000      0.000      0.000      0.000      0.000      0.000      0.000      0.000      0.000      0.000      0.000      0.000      0.000      0.000      0.000      0.000      0.000      0.000      0.000      0.000      0.000      0.000      0.000      0.000      0.000      0.000      0.000      0.000 
 10000.00      0.000      0.000      0.000      0.000      0.000      0.000      0.000      0.000      0.000      0.000      0.000      0.000      0.000      0.000      0.000      0.000      0.000      0.000      0.000      0.000      0.000      0.000      0.000      0.000      0.000      0.000      0.000      0.000      0.000      0.000      0.000      0.000      0.000      0.000      0.000      0.000      0.000      0.000      0.000      0.000      0.000      0.000      0.000      0.000      0.000      0.000      0.000      0.000      0.000      0.000      0.000      0.000      0.000      0.000 
