# poleff/et21b spHeffcal 20230404
#  calPA    90.00
#  YXnorm   30.00
#  Grang0   16.62
#     GY           0          1          0          1 
#     GX           0          0          1          1 
#           -0.00674    0.07009    0.00633   -0.00974 
#      1           0          0          0          0          0          0          1          0          0          0          0          0          0          0          1          0          0          0          0          0          0          0          1          0          0          0          0          0          0          0          1          0          0          0          0          0          0          0          1          0          0          0          0          0          0          0          1          0          0          0          0          0          0          0 
#      2           0          0          0          0          0          0          0          1          0          0          0          0          0          0          0          1          0          0          0          0          0          0          0          1          0          0          0          0          0          0          0          1          0          0          0          0          0          0          0          1          0          0          0          0          0          0          0          1          0          0          0          0          0          0 
#      3           0          0          0          0          0          0          0          0          1          0          0          0          0          0          0          0          1          0          0          0          0          0          0          0          1          0          0          0          0          0          0          0          1          0          0          0          0          0          0          0          1          0          0          0          0          0          0          0          1          0          0          0          0          0 
#      4           0          0          0          0          0          0          0          0          0          1          0          0          0          0          0          0          0          1          0          0          0          0          0          0          0          1          0          0          0          0          0          0          0          1          0          0          0          0          0          0          0          1          0          0          0          0          0          0          0          1          0          0          0          0 
#      5           0          0          0          0          0          0          0          0          0          0          1          0          0          0          0          0          0          0          1          0          0          0          0          0          0          0          1          0          0          0          0          0          0          0          1          0          0          0          0          0          0          0          1          0          0          0          0          0          0          0          1          0          0          0 
#      6           0          0          0          0          0          0          0          0          0          0          0          1          0          0          0          0          0          0          0          1          0          0          0          0          0          0          0          1          0          0          0          0          0          0          0          1          0          0          0          0          0          0          0          1          0          0          0          0          0          0          0          1          0          0 
#      7           0          0          0          0          0          0          0          0          0          0          0          0          1          0          0          0          0          0          0          0          1          0          0          0          0          0          0          0          1          0          0          0          0          0          0          0          1          0          0          0          0          0          0          0          1          0          0          0          0          0          0          0          1          0 
#      8           0          0          0          0          0          0          0          0          0          0          0          0          0          1          0          0          0          0          0          0          0          1          0          0          0          0          0          0          0          1          0          0          0          0          0          0          0          1          0          0          0          0          0          0          0          1          0          0          0          0          0          0          0          1 
#      Y           0          1          2          0          0          1          0          0          0          0          0          0          0          0          1          1          1          1          1          1          1          1          2          2          2          2          2          2          2          2          0          0          0          0          0          0          0          0          0          0          0          0          0          0          0          0          1          1          1          1          1          1          1          1 
#      X           0          0          0          1          2          1          0          0          0          0          0          0          0          0          0          0          0          0          0          0          0          0          0          0          0          0          0          0          0          0          1          1          1          1          1          1          1          1          2          2          2          2          2          2          2          2          1          1          1          1          1          1          1          1 
  3200.00      0.000      0.000      0.000      0.000      0.000      0.000      0.000      0.000      0.000      0.000      0.000      0.000      0.000      0.000      0.000      0.000      0.000      0.000      0.000      0.000      0.000      0.000      0.000      0.000      0.000      0.000      0.000      0.000      0.000      0.000      0.000      0.000      0.000      0.000      0.000      0.000      0.000      0.000      0.000      0.000      0.000      0.000      0.000      0.000      0.000      0.000      0.000      0.000      0.000      0.000      0.000      0.000      0.000      0.000 
  3300.00      0.000      0.000      0.000      0.000      0.000      0.000      0.000      0.000      0.000      0.000      0.000      0.000      0.000      0.000      0.000      0.000      0.000      0.000      0.000      0.000      0.000      0.000      0.000      0.000      0.000      0.000      0.000      0.000      0.000      0.000      0.000      0.000      0.000      0.000      0.000      0.000      0.000      0.000      0.000      0.000      0.000      0.000      0.000      0.000      0.000      0.000      0.000      0.000      0.000      0.000      0.000      0.000      0.000      0.000 
  3400.00      0.000      0.000      0.000      0.000      0.000      0.000      0.000      0.000      0.000      0.000      0.000      0.000      0.000      0.000      0.000      0.000      0.000      0.000      0.000      0.000      0.000      0.000      0.000      0.000      0.000      0.000      0.000      0.000      0.000      0.000      0.000      0.000      0.000      0.000      0.000      0.000      0.000      0.000      0.000      0.000      0.000      0.000      0.000      0.000      0.000      0.000      0.000      0.000      0.000      0.000      0.000      0.000      0.000      0.000 
  3500.00      0.000      0.000      0.000      0.000      0.000      0.000      0.000      0.000      0.000      0.000      0.000      0.000      0.000      0.000      0.000      0.000      0.000      0.000      0.000      0.000      0.000      0.000      0.000      0.000      0.000      0.000      0.000      0.000      0.000      0.000      0.000      0.000      0.000      0.000      0.000      0.000      0.000      0.000      0.000      0.000      0.000      0.000      0.000      0.000      0.000      0.000      0.000      0.000      0.000      0.000      0.000      0.000      0.000      0.000 
  3550.00      0.000      0.000      0.000      0.000      0.000      0.000      0.000      0.000      0.000      0.000      0.000      0.000      0.000      0.000      0.000      0.000      0.000      0.000      0.000      0.000      0.000      0.000      0.000      0.000      0.000      0.000      0.000      0.000      0.000      0.000      0.000      0.000      0.000      0.000      0.000      0.000      0.000      0.000      0.000      0.000      0.000      0.000      0.000      0.000      0.000      0.000      0.000      0.000      0.000      0.000      0.000      0.000      0.000      0.000 
  3600.00      0.000      0.000      0.000      0.000      0.000      0.000      0.000      0.000      0.000      0.000      0.000      0.000      0.000      0.000      0.000      0.000      0.000      0.000      0.000      0.000      0.000      0.000      0.000      0.000      0.000      0.000      0.000      0.000      0.000      0.000      0.000      0.000      0.000      0.000      0.000      0.000      0.000      0.000      0.000      0.000      0.000      0.000      0.000      0.000      0.000      0.000      0.000      0.000      0.000      0.000      0.000      0.000      0.000      0.000 
  3650.00      0.000      0.000      0.000      0.000      0.000      0.000      0.000      0.000      0.000      0.000      0.000      0.000      0.000      0.000      0.000      0.000      0.000      0.000      0.000      0.000      0.000      0.000      0.000      0.000      0.000      0.000      0.000      0.000      0.000      0.000      0.000      0.000      0.000      0.000      0.000      0.000      0.000      0.000      0.000      0.000      0.000      0.000      0.000      0.000      0.000      0.000      0.000      0.000      0.000      0.000      0.000      0.000      0.000      0.000 
  3700.00      0.000      0.000      0.000      0.000      0.000      0.000      0.000      0.000      0.000      0.000      0.000      0.000      0.000      0.000      0.000      0.000      0.000      0.000      0.000      0.000      0.000      0.000      0.000      0.000      0.000      0.000      0.000      0.000      0.000      0.000      0.000      0.000      0.000      0.000      0.000      0.000      0.000      0.000      0.000      0.000      0.000      0.000      0.000      0.000      0.000      0.000      0.000      0.000      0.000      0.000      0.000      0.000      0.000      0.000 
  3750.00      0.000      0.000      0.000      0.000      0.000      0.000      0.000      0.000      0.000      0.000      0.000      0.000      0.000      0.000      0.000      0.000      0.000      0.000      0.000      0.000      0.000      0.000      0.000      0.000      0.000      0.000      0.000      0.000      0.000      0.000      0.000      0.000      0.000      0.000      0.000      0.000      0.000      0.000      0.000      0.000      0.000      0.000      0.000      0.000      0.000      0.000      0.000      0.000      0.000      0.000      0.000      0.000      0.000      0.000 
  3800.00      0.000      0.000      0.000      0.000      0.000      0.000      0.000      0.000      0.000      0.000      0.000      0.000      0.000      0.000      0.000      0.000      0.000      0.000      0.000      0.000      0.000      0.000      0.000      0.000      0.000      0.000      0.000      0.000      0.000      0.000      0.000      0.000      0.000      0.000      0.000      0.000      0.000      0.000      0.000      0.000      0.000      0.000      0.000      0.000      0.000      0.000      0.000      0.000      0.000      0.000      0.000      0.000      0.000      0.000 
  3850.00      0.000      0.000      0.000      0.000      0.000      0.000      0.000      0.000      0.000      0.000      0.000      0.000      0.000      0.000      0.000      0.000      0.000      0.000      0.000      0.000      0.000      0.000      0.000      0.000      0.000      0.000      0.000      0.000      0.000      0.000      0.000      0.000      0.000      0.000      0.000      0.000      0.000      0.000      0.000      0.000      0.000      0.000      0.000      0.000      0.000      0.000      0.000      0.000      0.000      0.000      0.000      0.000      0.000      0.000 
  3900.00      0.000      0.000      0.000      0.000      0.000      0.000      0.000      0.000      0.000      0.000      0.000      0.000      0.000      0.000      0.000      0.000      0.000      0.000      0.000      0.000      0.000      0.000      0.000      0.000      0.000      0.000      0.000      0.000      0.000      0.000      0.000      0.000      0.000      0.000      0.000      0.000      0.000      0.000      0.000      0.000      0.000      0.000      0.000      0.000      0.000      0.000      0.000      0.000      0.000      0.000      0.000      0.000      0.000      0.000 
  3950.00      0.000      0.000      0.000      0.000      0.000      0.000      0.000      0.000      0.000      0.000      0.000      0.000      0.000      0.000      0.000      0.000      0.000      0.000      0.000      0.000      0.000      0.000      0.000      0.000      0.000      0.000      0.000      0.000      0.000      0.000      0.000      0.000      0.000      0.000      0.000      0.000      0.000      0.000      0.000      0.000      0.000      0.000      0.000      0.000      0.000      0.000      0.000      0.000      0.000      0.000      0.000      0.000      0.000      0.000 
  4000.00      0.000      0.000      0.000      0.000      0.000      0.000      0.000      0.000      0.000      0.000      0.000      0.000      0.000      0.000      0.000      0.000      0.000      0.000      0.000      0.000      0.000      0.000      0.000      0.000      0.000      0.000      0.000      0.000      0.000      0.000      0.000      0.000      0.000      0.000      0.000      0.000      0.000      0.000      0.000      0.000      0.000      0.000      0.000      0.000      0.000      0.000      0.000      0.000      0.000      0.000      0.000      0.000      0.000      0.000 
  4050.00     96.917     -0.795      2.344      0.510     -5.904     -9.640     -2.538     12.059      1.993    -18.845     -9.993     26.758      4.476    -28.743     19.106    -17.926      3.097     13.271    -25.145     14.534     -0.593     -5.241     -5.063      2.576      9.581     14.161      3.644    -10.579     29.666     19.420     -6.061      9.916      1.754      1.908     19.473     -1.708    -17.495      1.582      4.910     -1.079     -8.627      0.866     -0.416     -8.013    -34.591      1.283     16.058     -7.250      1.328     -0.150     22.384     -0.646    -79.225      9.081 
  4100.00     97.810     -0.684     -0.702      0.601     -5.772     -7.609     -6.290      8.301      0.796    -14.795     -6.043     18.033      7.554    -23.464     19.597    -17.156      6.800     13.783    -20.494     13.674     -6.622     -3.185     -7.026      3.653      0.281      4.114     -1.218     -6.419      7.719      9.837     -9.900     10.082      1.712     -0.682     15.469      2.116    -15.263     -1.298      3.312      1.686     -5.733      2.374      1.590     -8.030    -29.690      4.245      9.596     -6.684     -0.652     -2.116     17.907      0.603    -63.360      4.808 
  4150.00     97.783     -0.455     -0.662      0.596     -6.014     -7.460     -8.141      7.728     -0.511    -14.446     -4.477     15.943      6.461    -22.403     20.584    -18.795      7.583     15.752    -22.166     11.825     -6.887     -4.008    -11.006      3.902     -2.692     -0.725     -0.019    -14.392     13.504     11.370    -12.945      8.946      1.216     -1.384     11.546      0.555    -13.032     -2.217      3.866      3.735     -3.291      2.396      3.567     -4.490    -35.043      4.779     12.525     -6.045     -0.467     -1.392     20.993      5.921    -67.019      5.468 
  4200.00     97.833     -0.613     -1.373      0.522     -6.049     -7.357     -8.502      7.042      0.309    -13.802     -5.105     15.551      6.734    -21.903     19.956    -17.662      9.288     13.967    -21.547     13.246    -10.992     -5.004    -10.191      4.583     -7.165     -0.867     -1.201    -13.875      8.592      9.448    -16.267      8.623      0.615     -3.050     10.274      0.283    -11.136     -2.386      0.066      3.970     -3.755      1.294      5.486     -7.888    -35.465      6.592     13.051     -5.588     -1.718      0.633     18.896      7.554    -64.136      4.068 
  4250.00     97.109      0.417      2.068      0.594     -5.095     -7.086     -9.151     12.957     -1.543    -20.197     -3.746     24.258     -3.062    -27.437     10.889    -18.145      8.020     12.503    -16.241      4.917     -0.751     -0.912     -5.262      7.014      1.801     -0.329      3.149     -9.064     41.050      6.941    -18.785      6.973     -1.389     -3.026     12.007     -3.378    -10.028      0.027     -1.826     -3.880     -1.560      7.619     -1.457    -17.013    -21.196     11.622      2.467     -5.607     -2.490     -4.123     11.662      3.391    -52.167      4.784 
  4300.00     97.069     -0.149      1.453     -0.147     -4.986     -8.271     -9.369      8.450     -1.418    -15.695     -7.960     16.718     -0.837    -23.528     19.604    -16.777      9.333     14.637    -20.982     13.671     -4.155     -3.731     -6.476      5.538     -0.089      2.562      4.456    -13.325     30.931     12.401    -14.307      7.832     -1.746     -2.207      8.221      0.147    -15.937     -2.231      2.205      2.673     -1.188      2.152      7.391     -7.139    -27.831      6.019      7.964     -6.537     -2.958     -1.838     20.255      1.593    -69.620      8.406 
  4350.00     97.109      0.881      2.678     -0.135     -4.755     -8.380     -9.726      8.477     -1.900    -16.874     -9.441     16.831     -0.090    -24.953     19.732    -16.715      9.440     15.082    -20.742     14.218      8.858     -4.987     -5.082      4.688      3.451      4.982      3.913    -11.160     40.461     12.253    -12.147      7.754     -1.082     -1.842      8.911      0.663    -16.912     -2.610      5.249      2.864     -0.015      4.189      7.916     -5.013    -26.700      6.951      8.548     -7.408     -4.398     -0.683     18.085      0.271    -67.796      7.101 
  4400.00     97.301      0.838      3.381      0.019     -4.919     -7.903     -9.709      8.630     -2.177    -17.521    -10.209     17.506      1.127    -25.695     20.203    -15.097      8.776     14.522    -19.017     18.045      8.044     -6.740     -3.926      4.243      4.793      7.479      5.018     -9.835     47.590     10.694     -9.623      7.436     -0.810     -1.143      8.082      0.600    -15.404     -4.323      7.679      2.594      0.162      5.111      8.754     -3.639    -30.318      8.012      9.417     -7.618     -3.662     -0.810     16.646     -2.509    -62.332      4.999 
  4450.00     97.569      0.771      2.692      0.143     -4.592     -7.492     -9.939      6.140     -3.240    -15.901     -9.106     13.900      1.830    -22.599     18.199    -12.640      8.386     12.477    -14.857     17.203      5.352     -5.908     -5.934      5.484      5.609      4.804      6.637     -7.989     40.458      9.323     -8.986      6.053      0.114     -1.073      6.270      0.421    -14.934     -4.159      8.836      2.735      0.404      5.933      9.609     -3.700    -27.009      8.702      7.490     -5.755     -3.948     -1.796     14.934     -3.003    -62.155      4.166 
  4500.00     98.088      0.580      0.448      0.244     -4.143     -7.093    -10.680      4.865     -3.201    -13.954     -4.731     10.030      4.056    -17.735     18.626    -10.467      8.879     12.440    -12.608     18.699     -0.739     -5.954     -5.279      6.522      2.589      3.493      6.175     -4.087     19.549      9.785    -10.263      5.709      0.404     -0.736      3.612     -0.397    -12.486     -3.751      7.529      3.220      0.554      4.907      9.106     -3.860    -22.393      7.580      5.864     -4.980     -3.849     -4.533     14.345     -2.297    -62.902      1.590 
  4550.00     98.452      0.971     -0.537      0.278     -3.879     -6.549     -9.621      4.708     -3.798    -11.952     -2.072      9.223      7.148    -15.794     18.967     -9.588      9.762     13.907    -11.141     17.595     -0.718     -4.569     -7.683      6.088      3.021     -1.264      4.719     -4.984     10.448     10.034    -10.214      5.616      0.502      0.148      3.498     -1.151    -11.983     -2.087      6.132      2.785      0.886      4.278      7.233     -4.541    -20.605      7.341      4.441     -4.921     -2.967     -6.388     13.679     -1.440    -60.503      0.779 
  4600.00     98.091      0.934     -1.175      0.095     -3.213     -6.536    -10.671      4.903     -4.217    -13.280     -1.589      9.460      2.598    -16.120     16.957    -10.295      9.996     14.531    -10.135     15.458     -4.013     -3.365     -5.645      6.473      1.611     -0.983      4.315     -3.489      5.321     11.137    -10.572      5.563      0.728      0.198      2.929     -1.876    -13.679     -2.075      7.194      4.004      1.031      4.550      6.799     -2.830    -14.078      5.560      4.235     -3.973     -3.079     -6.825     14.114     -0.259    -58.061      0.760 
  4650.00     97.968      1.032     -0.338      0.082     -3.297     -6.179    -10.610      4.668     -4.346    -13.099     -2.167      9.656      1.311    -16.400     18.163    -11.077     10.291     15.691    -11.541     15.149     -3.110     -3.415     -4.907      6.515      1.970     -0.613      4.413     -5.272     14.486     10.767    -10.120      5.504      0.128     -0.057      3.112     -1.424    -13.865     -2.007      7.281      3.438      1.228      4.405      6.278     -3.344    -16.072      5.715      5.263     -4.238     -3.015     -5.689     15.085     -0.372    -53.465      0.944 
  4700.00     97.975      1.195      0.238      0.216     -3.266     -6.155    -10.855      4.453     -3.912    -13.153     -2.794      8.975      1.331    -16.586     17.631    -11.201      9.714     15.846    -12.037     13.634      0.237     -3.097     -4.211      6.931      1.936     -0.652      4.185     -5.444     19.587     10.047     -9.440      5.597     -0.165     -0.329      2.458     -0.213    -12.348     -3.236      8.444      3.949      1.299      4.800      6.399     -1.840    -16.737      4.706      6.003     -3.945     -2.862     -4.313     16.191      0.378    -51.576      2.231 
  4750.00     97.867      1.273      0.844      0.299     -3.279     -5.854     -9.589      4.853     -3.909    -12.536     -3.557     10.238      0.015    -17.424     16.380    -11.814      9.100     14.812    -12.068     11.567      2.886     -3.459     -2.984      6.524      2.187      0.182      2.658     -5.108     25.475      7.750     -8.426      5.738     -0.184     -1.265      2.876      0.934    -12.217     -4.232      8.014      2.872      1.682      4.754      6.143     -3.383    -17.579      5.319      5.722     -5.019     -2.376     -3.008     15.132     -0.671    -46.313      2.327 
  4800.00     97.943      1.313      1.526      0.670     -3.278     -5.882     -7.793      4.693     -1.885    -11.106     -3.813     11.026     -0.963    -15.812     14.889    -11.382      8.117     13.059    -12.686     10.214      4.931     -3.095     -4.386      6.114      1.619      0.530      3.578     -8.770     31.916      8.733     -8.905      5.917     -0.160     -2.090      3.227      0.523     -8.416     -4.053      6.366      2.629     -0.111      4.139      5.227     -4.207    -16.335      3.903      5.329     -4.145     -2.889     -1.567     16.562     -1.944    -46.487      5.631 
  4850.00     97.922      1.511      2.131      0.593     -3.447     -6.059     -5.640      5.725     -2.249    -10.122     -4.324     12.740     -1.342    -16.568     13.250    -11.764      8.291     11.883    -11.720      8.828      8.067     -3.122     -6.889      5.186      1.449     -0.932      1.567     -9.477     38.237      5.091     -9.002      6.331     -0.504     -3.081      3.880      0.447     -9.892     -4.522      5.377      1.617      0.626      3.850      4.782     -5.164    -18.879      5.091      3.556     -6.290     -2.813     -1.926     13.267     -2.826    -45.736      4.432 
  4900.00     97.906      1.649      2.687      0.700     -3.144     -6.113     -4.986      6.111     -2.198    -10.201     -4.103     12.997     -2.756    -16.019     12.457    -11.192      7.996     11.630    -11.151      9.221      9.836     -2.509     -6.194      5.522      3.369      0.024      1.681     -7.450     42.151      4.888     -8.163      6.401     -0.577     -3.115      4.020      0.242     -8.532     -5.073      6.088      1.036      0.929      4.668      3.778     -4.405    -15.617      4.184      3.303     -5.518     -3.211     -1.511     13.798     -4.081    -45.433      5.442 
  4950.00     98.243      1.597      2.212      0.606     -3.361     -5.913     -2.723      6.957     -1.249     -9.947     -4.815     16.472     -0.839    -17.748     10.918    -11.201      6.219     11.439     -9.738      8.490      9.701     -2.664     -6.136      4.994      3.314     -0.071      1.803     -6.731     36.592      4.674     -8.663      6.062     -0.585     -2.885      3.749     -2.163     -9.354     -4.696      3.983      1.026     -0.392      3.545      4.878     -6.548    -17.409      5.621      3.283     -5.597     -1.998     -2.493     11.502     -4.522    -42.275      3.619 
  5000.00     98.448      1.743      2.068      0.757     -3.160     -5.848     -3.236      6.699     -1.070    -10.758     -4.863     16.546     -0.403    -17.857      9.874    -10.966      6.303     11.609     -7.725      8.266     10.526     -1.800     -5.557      5.733      2.935      0.224      3.019     -6.304     35.188      4.648     -7.374      6.155      0.312     -1.652      3.845     -2.844     -7.710     -4.257      5.143      1.488     -0.448      4.051      4.824     -5.041    -15.588      5.263      2.670     -5.039     -2.204     -3.284     10.389     -4.831    -42.258      3.291 
  5100.00     98.782      1.607      0.781      0.430     -2.971     -5.268     -4.182      5.338     -2.125     -9.786     -2.927     13.887      1.870    -15.961      9.979    -11.278      6.947     13.006     -5.825      7.388      5.788      0.554     -6.034      8.723      2.300     -3.922      3.695     -3.319     21.165      4.472     -7.445      4.767      0.631     -0.379      2.054     -5.433     -9.680     -2.015      4.985      1.568     -0.676      3.821      5.059     -4.102    -15.998      6.905      0.988     -4.468     -2.265     -5.882      9.514     -4.532    -41.427      2.210 
  5200.00     98.798      1.835      0.580      0.360     -2.635     -4.561     -4.714      4.526     -2.648     -9.778     -3.020     12.893      2.159    -16.299     10.188    -12.241      7.522     15.053     -4.817      5.128      5.326      2.695     -4.461      9.458      2.351     -4.931      2.582     -1.780     19.981      4.643     -6.117      3.544      0.917      1.670      1.756     -7.110     -9.583      0.395      5.435      2.057     -0.501      3.514      5.605     -2.471    -15.452      8.035      1.948     -4.218     -2.208     -6.202      8.243     -2.884    -35.050      1.954 
  5300.00     98.666      1.781      0.597      0.173     -2.642     -4.626     -5.148      4.082     -3.911     -9.487     -2.922     10.703      1.230    -15.689      9.404    -11.943      7.739     15.206     -4.271      3.359      4.818      4.244     -3.979      8.593      3.883     -5.403      1.206     -0.500     19.058      4.476     -4.569      4.610      0.762      1.129      2.306     -4.982    -12.305      0.375      6.664      2.549      0.621      3.456      5.008     -0.261    -17.928      7.006      1.025     -4.465     -2.650     -5.389      7.988     -2.274    -34.896      2.692 
  5400.00     98.617      1.404      0.632      0.215     -2.695     -4.454     -5.272      3.143     -3.867     -7.675     -1.408      6.968     -1.026    -11.479      7.967    -10.465      7.184     12.836     -3.565      1.209      1.956      5.285     -3.409      7.551      4.064     -5.285      0.178      0.198     19.148      2.931     -2.044      5.478      0.732     -0.667      2.817     -0.454    -14.185     -0.944      9.363      2.362      0.932      4.602      2.834      1.583    -18.272      4.098      0.274     -4.731     -2.360     -3.127      7.710     -2.080    -34.190      3.675 
  5500.00     98.586      1.403      0.749      0.205     -2.455     -4.695     -4.147      4.158     -3.192     -7.768     -1.133      8.165     -2.379    -11.453      6.886    -10.128      6.793     11.704     -4.078      0.965      3.867      4.068     -3.752      5.661      2.631     -4.381     -1.256     -1.555     20.893      1.665     -1.539      6.710      0.339     -1.692      2.527      1.393    -13.682     -2.472      8.386      2.687      1.011      4.245      3.025      0.592    -16.644      2.894     -0.883     -5.698     -2.709     -2.574      7.435     -3.307    -34.268      3.488 
  5600.00     98.962      1.613      1.060      0.648     -2.836     -4.080     -3.822      3.304     -2.963     -7.802     -2.977      7.145      0.804    -12.262      5.457     -8.706      6.484      8.906     -5.136      1.968      8.314      0.749     -3.891      5.826      3.024     -2.714      1.318     -1.762     22.448      2.880     -3.024      6.825      0.326     -3.244      2.354      0.962     -8.159     -3.469      6.081      1.882     -0.044      4.216      2.643     -1.475    -19.239      3.607     -0.363     -4.534     -1.918     -1.183      7.313     -2.674    -27.301      2.073 
  5700.00     99.170      1.737      1.285      1.011     -2.851     -3.403     -3.100      2.569     -2.448     -7.271     -3.705      6.976      1.711    -11.616      5.060     -6.808      5.719      6.668     -5.159      3.919     11.198     -2.055     -4.543      5.263      2.605     -1.464      2.821     -2.974     24.995      2.739     -3.463      6.602      0.686     -3.540      2.129      0.255     -3.224     -3.613      5.181      1.279     -0.668      4.345      2.622     -2.622    -19.126      4.108     -0.621     -3.806     -1.358     -1.188      6.267     -3.433    -21.695      0.042 
  5800.00     99.284      1.307      0.438      1.099     -2.565     -3.015     -3.579      1.281     -2.949     -7.167     -4.119      5.654      2.670    -11.191      3.823     -5.099      4.402      4.925     -4.365      4.714      7.715     -3.212     -5.905      4.816      1.761     -2.084      4.038     -3.638     15.901      3.702     -3.320      5.650      1.268     -2.892      1.781     -0.834     -1.130     -3.359      5.846      1.260     -0.102      4.846      2.470     -1.552    -16.862      4.443     -1.530     -2.350     -1.501     -2.346      5.617     -3.451    -21.383     -1.474 
  5900.00     99.321      1.173     -0.044      0.824     -1.854     -2.547     -1.086      3.373     -1.517     -6.993     -1.515     10.187      0.149    -10.756      3.098     -4.768      3.933      4.701     -5.005      6.849      5.286     -4.956     -6.140      4.138     -0.564     -1.938      2.917     -4.835     11.938      4.008     -5.952      2.852      0.777     -0.416     -2.615     -5.626      2.288     -2.200     -1.367     -0.124     -2.423      0.754      3.093     -7.400     -8.073      4.012     -2.585     -2.118     -1.765     -4.701      5.224     -5.257    -17.906     -2.570 
  6000.00     99.137      1.007     -0.316      0.812     -1.529     -2.114     -1.451      2.491     -2.277     -6.695     -1.744      8.912     -0.546    -10.311      3.312     -3.825      3.514      5.058     -4.303      7.185      2.644     -4.407     -6.444      3.482     -0.140     -3.044      1.447     -4.128      8.146      3.843     -6.825      1.464      0.965      0.743     -2.201     -8.280      3.026      0.357     -2.476     -0.647     -2.215      0.195      2.679     -7.447     -5.065      5.189     -3.654     -1.587     -1.757     -6.620      3.645     -4.744    -17.416     -3.649 
  6100.00     98.859      0.866     -0.532      0.740     -0.821     -1.717     -1.805      0.723     -3.112     -5.975     -2.508      6.370     -1.927     -9.117      4.307     -2.332      3.883      4.851     -4.023      8.663      0.788     -4.756     -7.582      2.938     -0.237     -3.345      1.829     -4.558      5.232      5.134     -6.939      0.586      0.598      0.906     -2.709     -8.424      3.652      0.630     -1.769      0.393     -1.436      0.347      3.370     -6.128      0.031      4.817     -4.303     -1.189     -1.692     -7.689      3.232     -4.828    -16.263     -4.754 
  6200.00     98.790      0.716     -0.833      0.393     -0.663     -1.575     -3.230     -1.187     -4.268     -5.631     -3.299      2.572     -0.859     -7.993      4.615     -1.865      4.459      4.863     -4.240      8.810     -0.205     -4.035     -6.908      3.716      0.945     -3.891      3.048     -2.281      0.450      5.494     -5.916      1.131      0.079     -0.533     -2.739     -5.457      0.568     -1.004      2.035      2.027      0.600      2.231      4.158     -2.449     -2.051      4.844     -4.223     -1.163     -1.194     -6.568      5.025     -4.807    -17.962     -2.872 
  6300.00     98.702      0.531     -0.890      0.171     -0.621     -1.431     -3.070     -1.944     -5.147     -4.373     -2.177      0.005     -1.522     -5.579      3.722     -0.684      4.478      3.499     -3.608      8.567     -1.524     -3.544     -6.118      3.245      2.419     -3.180      1.798      0.803     -1.690      4.896     -3.974      1.937     -0.037     -1.079     -2.109     -2.398     -2.319     -1.346      2.676      1.851      1.195      2.407      3.068     -1.802     -2.156      3.263     -6.573     -1.680     -1.710     -6.355      4.274     -6.679    -18.051     -2.448 
  6400.00     98.334      0.223     -0.456      0.020     -0.228     -1.643     -3.301     -2.612     -5.819     -4.082     -1.583     -1.053     -5.112     -4.411      2.817     -1.205      4.432      2.980     -3.505      7.327     -3.366     -2.705     -5.351      3.649      3.353     -2.820      1.085      2.335      2.347      3.385     -3.352      3.338     -0.112     -2.867     -1.737      0.375     -4.179     -3.396      3.885      2.800      2.121      3.030      2.060     -0.753      1.546      1.278     -6.849     -2.298     -1.787     -4.969      5.706     -7.047    -21.491     -0.750 
  6500.00     98.451      0.417      0.089     -0.252     -0.854     -1.305     -3.349     -2.270     -5.955     -4.362     -2.015     -0.637     -3.157     -5.059      1.545     -3.232      4.696      3.924     -3.234      4.205      0.082     -0.565     -5.044      4.607      4.395     -3.480      1.102      2.861      7.700      1.522     -1.694      5.049     -0.414     -3.928     -1.414      3.504     -6.767     -5.838      5.513      3.299      2.275      3.722      2.959      0.407     -6.926      1.197     -8.205     -5.115     -2.191     -3.428      3.784     -9.332    -16.734      0.440 
  6600.00     98.547      0.613     -0.090     -0.304     -1.133     -1.160     -4.000     -1.832     -5.911     -5.426     -2.194     -0.021     -1.934     -6.581      2.210     -4.243      5.375      5.280     -2.830      3.639      3.578     -0.411     -5.408      3.967      2.436     -3.554     -0.676      2.351      6.485      0.357     -2.365      5.697     -0.807     -4.852     -0.417      2.909     -6.059     -6.911      6.179      3.303      2.134      4.608      1.756      1.189     -8.118      1.101     -6.296     -5.069     -1.934     -2.797      3.601     -7.469    -15.107     -1.054 
  6700.00     98.392      0.605     -0.018     -0.269     -1.090     -0.880     -3.714     -2.209     -5.899     -5.438     -2.994      0.719     -2.333     -7.199      1.651     -4.140      5.566      5.170     -1.880      3.058      3.843      0.268     -5.828      4.565      1.832     -3.798     -0.350      2.404      7.293     -0.325     -2.311      5.614     -0.589     -4.532      0.281      2.530     -5.204     -6.246      5.393      2.999      1.974      4.547      1.732      0.330     -7.700      1.446     -6.158     -4.090     -2.085     -2.736      2.615     -6.196    -13.589     -1.277 
  6800.00     98.303      0.483     -0.317     -0.327     -0.929     -0.690     -3.744     -1.913     -5.628     -5.856     -3.349      2.025     -2.005     -7.942      2.011     -3.797      4.727      5.086     -2.533      4.431      4.053     -1.556     -6.764      3.618     -0.094     -3.438      0.475     -0.258      4.449      0.860     -3.836      4.271     -0.648     -3.901     -0.867      0.017     -2.878     -5.736      3.405      2.166      1.606      3.355      2.080     -1.215     -5.636      1.239     -5.965     -3.479     -2.541     -3.981      1.757     -6.147    -13.037     -3.037 
  6900.00     98.207      0.529     -0.359     -0.175     -0.831     -0.198     -2.881     -1.504     -5.167     -6.947     -5.404      5.578     -0.763    -11.398      0.949     -5.121      4.418      5.587     -2.465      3.720      5.500     -1.885     -6.409      4.183     -1.214     -3.015      1.073     -1.304      4.041      1.184     -5.485      4.019     -0.499     -3.079     -1.299     -2.740      0.839     -5.695      0.138      2.713      0.941      1.756      4.169     -3.380     -4.692      2.902     -5.687     -3.820     -2.145     -4.893      0.358     -6.186     -8.228     -4.780 
  7000.00     97.988      0.020     -1.211     -0.321     -0.748     -0.095     -2.567     -2.513     -4.573     -5.802     -4.533      4.238     -1.061     -8.758      0.780     -5.354      3.521      5.606     -1.496      1.389      0.487      0.137     -7.450      5.284     -4.252     -5.179      0.583     -1.648     -4.433     -0.054     -5.600      3.558     -0.371     -2.607     -0.413     -3.026     -0.909     -4.224     -0.338      2.288      0.572      1.031      2.357     -2.738     -2.749      1.411     -5.353     -3.249     -2.523     -5.727      0.012     -4.304    -13.423     -4.159 
  7200.00     97.345     -0.572     -2.010     -0.307     -0.263      0.310     -0.937     -2.990     -4.097     -4.561     -4.315      4.445     -3.299     -6.783      0.129     -6.649      1.826      7.475      0.618     -3.610     -8.156      5.390     -8.010      5.957     -6.582     -7.781     -0.470     -3.097    -13.170     -0.464     -5.435      1.372     -0.020     -0.061      1.049     -5.408     -2.964     -0.219     -1.945      1.085      0.071     -0.611      0.005     -2.305      1.755      1.187     -5.128     -2.473     -2.627     -8.565     -2.229     -1.160    -16.400     -3.590 
  7400.00     97.204     -0.553     -2.015     -0.166     -0.918      0.617     -0.365     -4.343     -3.892     -3.374     -5.888      3.491     -1.724     -6.087      0.682     -7.569      2.629      8.690      2.733     -6.469     -9.771      8.679    -10.624      7.342     -8.643    -10.670      0.265     -5.921    -11.062     -1.530     -5.383      2.003      0.188     -0.432      4.319     -5.516     -5.001      1.387      0.222      1.372     -0.345      0.097     -1.639      1.098     -5.268      1.365     -3.281     -2.632     -2.829     -7.746     -3.433      1.062    -15.591     -3.003 
  7600.00     96.948     -0.012     -1.157      0.034     -0.593      1.254     -0.093     -3.324     -4.503     -4.325     -6.080      5.160     -2.390     -7.045      2.936     -7.814      4.238     10.580      0.997     -2.991     -2.699      6.387    -13.279      6.441     -8.132    -11.417      0.218     -9.465      0.164     -2.305     -5.995      2.836      0.523     -0.183      1.855     -4.897     -1.791     -0.427     -1.909      2.626     -0.014     -1.383      1.724      0.189     -5.931      0.996     -3.979     -4.130     -2.844     -7.385     -2.421     -1.737     -7.351     -3.825 
  7800.00     96.731     -0.801     -1.962     -0.122     -0.379      1.009     -1.697     -5.476     -5.862     -3.216     -4.671     -0.462     -3.383     -3.325      1.984     -5.922      3.514      9.150      1.943     -3.843     -9.471      7.897    -10.738      6.181     -5.758    -10.851     -0.009     -4.105     -8.889     -2.584     -2.525      3.888      1.105     -0.996      3.542     -0.366     -5.755     -1.277      2.640      3.381      1.525      0.538     -0.294      4.228     -4.384     -1.834     -4.728     -3.101     -3.384     -6.511     -2.137     -0.109    -12.412     -3.720 
  8000.00     96.548     -1.715     -2.499     -0.768     -0.401      0.509     -2.316     -6.446     -6.873     -0.892     -0.374     -5.857     -5.955      2.535      1.100     -3.598      2.203      6.866      3.155     -4.527    -17.034      8.805     -7.187      4.980     -1.412     -9.684     -1.648      1.603    -15.878     -3.682      2.423      5.380      1.401     -2.553      5.557      6.226    -15.283     -2.949      8.389      3.737      3.709      2.552     -4.963      9.964     -4.382     -6.597     -4.259     -2.703     -1.234     -4.276     -0.442      2.099    -21.403     -1.910 
  8200.00     97.371      0.007     -0.211     -0.186     -1.549      2.376     -4.798     -7.496     -7.155     -3.286     -5.239     -6.563      4.114     -3.488      3.896     -4.024      4.409      8.669     -1.203      0.402      5.177      2.161     -3.603      8.096      3.708     -5.899      3.728      4.740      6.628     -2.250      1.546      7.316      1.783     -2.922      5.858      6.426     -5.518     -4.755      8.073      5.406      3.194      3.561     -0.726      9.784    -16.049     -1.981     -1.901     -1.469      0.079     -1.272      2.745      1.047      2.409     -4.229 
  8400.00     97.176     -0.287      0.395     -0.999     -0.905      1.016     -1.272     -1.331     -4.911     -3.772     -1.159      2.480     -2.074     -3.974      1.049     -5.252      3.154      6.940     -4.812      3.161      3.113     -2.420     -5.731      3.982      1.930     -4.742      0.570     -0.231     15.965     -3.384     -5.107      3.704     -0.769     -2.342     -0.568     -1.482     -5.165     -4.601     -5.267      1.351     -0.185     -3.653      0.743     -3.963     -6.493     -2.876     -7.795     -4.198     -3.417     -6.413      3.147     -9.291     -4.053     -4.369 
  8600.00     97.082     -0.531      0.344     -1.119     -0.771      1.486     -2.541     -3.524     -5.017     -2.032      0.713     -3.085     -2.748      0.360      0.921     -0.720      2.027      3.386     -3.730      5.927      2.206     -4.932     -4.932      2.309      1.780     -3.748     -3.691      4.095     15.328     -8.020     -3.432      3.027     -0.428     -4.489     -0.434      0.830     -6.604     -5.834      0.534      1.713      1.222     -0.240     -1.523     -0.414     -4.600     -3.186     -7.923     -1.859     -5.151     -4.399      2.469     -7.512     -3.173     -6.439 
  8800.00     96.840     -1.214     -0.956     -0.636     -0.072      1.142     -0.408     -3.093     -4.008     -2.340     -1.745      1.479     -3.481     -2.989     -0.704      2.805      0.420     -1.619     -1.831      9.325     -7.841     -8.984     -5.524      1.074     -0.607     -2.766      0.116      0.800     -2.468     -3.334      2.214      3.928      3.169     -1.968     -2.432      9.498     -6.068     -9.015      5.287      3.331      3.669      1.534     -3.656      7.854      0.339     -5.316     -9.528     -0.223     -6.721     -7.812      2.156     -6.524     -9.510    -10.960 
  9000.00      0.000      0.000      0.000      0.000      0.000      0.000      0.000      0.000      0.000      0.000      0.000      0.000      0.000      0.000      0.000      0.000      0.000      0.000      0.000      0.000      0.000      0.000      0.000      0.000      0.000      0.000      0.000      0.000      0.000      0.000      0.000      0.000      0.000      0.000      0.000      0.000      0.000      0.000      0.000      0.000      0.000      0.000      0.000      0.000      0.000      0.000      0.000      0.000      0.000      0.000      0.000      0.000      0.000      0.000 
  9200.00      0.000      0.000      0.000      0.000      0.000      0.000      0.000      0.000      0.000      0.000      0.000      0.000      0.000      0.000      0.000      0.000      0.000      0.000      0.000      0.000      0.000      0.000      0.000      0.000      0.000      0.000      0.000      0.000      0.000      0.000      0.000      0.000      0.000      0.000      0.000      0.000      0.000      0.000      0.000      0.000      0.000      0.000      0.000      0.000      0.000      0.000      0.000      0.000      0.000      0.000      0.000      0.000      0.000      0.000 
  9400.00      0.000      0.000      0.000      0.000      0.000      0.000      0.000      0.000      0.000      0.000      0.000      0.000      0.000      0.000      0.000      0.000      0.000      0.000      0.000      0.000      0.000      0.000      0.000      0.000      0.000      0.000      0.000      0.000      0.000      0.000      0.000      0.000      0.000      0.000      0.000      0.000      0.000      0.000      0.000      0.000      0.000      0.000      0.000      0.000      0.000      0.000      0.000      0.000      0.000      0.000      0.000      0.000      0.000      0.000 
  9600.00      0.000      0.000      0.000      0.000      0.000      0.000      0.000      0.000      0.000      0.000      0.000      0.000      0.000      0.000      0.000      0.000      0.000      0.000      0.000      0.000      0.000      0.000      0.000      0.000      0.000      0.000      0.000      0.000      0.000      0.000      0.000      0.000      0.000      0.000      0.000      0.000      0.000      0.000      0.000      0.000      0.000      0.000      0.000      0.000      0.000      0.000      0.000      0.000      0.000      0.000      0.000      0.000      0.000      0.000 
  9800.00      0.000      0.000      0.000      0.000      0.000      0.000      0.000      0.000      0.000      0.000      0.000      0.000      0.000      0.000      0.000      0.000      0.000      0.000      0.000      0.000      0.000      0.000      0.000      0.000      0.000      0.000      0.000      0.000      0.000      0.000      0.000      0.000      0.000      0.000      0.000      0.000      0.000      0.000      0.000      0.000      0.000      0.000      0.000      0.000      0.000      0.000      0.000      0.000      0.000      0.000      0.000      0.000      0.000      0.000 
 10000.00      0.000      0.000      0.000      0.000      0.000      0.000      0.000      0.000      0.000      0.000      0.000      0.000      0.000      0.000      0.000      0.000      0.000      0.000      0.000      0.000      0.000      0.000      0.000      0.000      0.000      0.000      0.000      0.000      0.000      0.000      0.000      0.000      0.000      0.000      0.000      0.000      0.000      0.000      0.000      0.000      0.000      0.000      0.000      0.000      0.000      0.000      0.000      0.000      0.000      0.000      0.000      0.000      0.000      0.000 
  3200.00      0.000      0.000      0.000      0.000      0.000      0.000      0.000      0.000      0.000      0.000      0.000      0.000      0.000      0.000      0.000      0.000      0.000      0.000      0.000      0.000      0.000      0.000      0.000      0.000      0.000      0.000      0.000      0.000      0.000      0.000      0.000      0.000      0.000      0.000      0.000      0.000      0.000      0.000      0.000      0.000      0.000      0.000      0.000      0.000      0.000      0.000      0.000      0.000      0.000      0.000      0.000      0.000      0.000      0.000 
  3300.00      0.000      0.000      0.000      0.000      0.000      0.000      0.000      0.000      0.000      0.000      0.000      0.000      0.000      0.000      0.000      0.000      0.000      0.000      0.000      0.000      0.000      0.000      0.000      0.000      0.000      0.000      0.000      0.000      0.000      0.000      0.000      0.000      0.000      0.000      0.000      0.000      0.000      0.000      0.000      0.000      0.000      0.000      0.000      0.000      0.000      0.000      0.000      0.000      0.000      0.000      0.000      0.000      0.000      0.000 
  3400.00      0.000      0.000      0.000      0.000      0.000      0.000      0.000      0.000      0.000      0.000      0.000      0.000      0.000      0.000      0.000      0.000      0.000      0.000      0.000      0.000      0.000      0.000      0.000      0.000      0.000      0.000      0.000      0.000      0.000      0.000      0.000      0.000      0.000      0.000      0.000      0.000      0.000      0.000      0.000      0.000      0.000      0.000      0.000      0.000      0.000      0.000      0.000      0.000      0.000      0.000      0.000      0.000      0.000      0.000 
  3500.00      0.000      0.000      0.000      0.000      0.000      0.000      0.000      0.000      0.000      0.000      0.000      0.000      0.000      0.000      0.000      0.000      0.000      0.000      0.000      0.000      0.000      0.000      0.000      0.000      0.000      0.000      0.000      0.000      0.000      0.000      0.000      0.000      0.000      0.000      0.000      0.000      0.000      0.000      0.000      0.000      0.000      0.000      0.000      0.000      0.000      0.000      0.000      0.000      0.000      0.000      0.000      0.000      0.000      0.000 
  3550.00      0.000      0.000      0.000      0.000      0.000      0.000      0.000      0.000      0.000      0.000      0.000      0.000      0.000      0.000      0.000      0.000      0.000      0.000      0.000      0.000      0.000      0.000      0.000      0.000      0.000      0.000      0.000      0.000      0.000      0.000      0.000      0.000      0.000      0.000      0.000      0.000      0.000      0.000      0.000      0.000      0.000      0.000      0.000      0.000      0.000      0.000      0.000      0.000      0.000      0.000      0.000      0.000      0.000      0.000 
  3600.00      0.000      0.000      0.000      0.000      0.000      0.000      0.000      0.000      0.000      0.000      0.000      0.000      0.000      0.000      0.000      0.000      0.000      0.000      0.000      0.000      0.000      0.000      0.000      0.000      0.000      0.000      0.000      0.000      0.000      0.000      0.000      0.000      0.000      0.000      0.000      0.000      0.000      0.000      0.000      0.000      0.000      0.000      0.000      0.000      0.000      0.000      0.000      0.000      0.000      0.000      0.000      0.000      0.000      0.000 
  3650.00      0.000      0.000      0.000      0.000      0.000      0.000      0.000      0.000      0.000      0.000      0.000      0.000      0.000      0.000      0.000      0.000      0.000      0.000      0.000      0.000      0.000      0.000      0.000      0.000      0.000      0.000      0.000      0.000      0.000      0.000      0.000      0.000      0.000      0.000      0.000      0.000      0.000      0.000      0.000      0.000      0.000      0.000      0.000      0.000      0.000      0.000      0.000      0.000      0.000      0.000      0.000      0.000      0.000      0.000 
  3700.00      0.000      0.000      0.000      0.000      0.000      0.000      0.000      0.000      0.000      0.000      0.000      0.000      0.000      0.000      0.000      0.000      0.000      0.000      0.000      0.000      0.000      0.000      0.000      0.000      0.000      0.000      0.000      0.000      0.000      0.000      0.000      0.000      0.000      0.000      0.000      0.000      0.000      0.000      0.000      0.000      0.000      0.000      0.000      0.000      0.000      0.000      0.000      0.000      0.000      0.000      0.000      0.000      0.000      0.000 
  3750.00      0.000      0.000      0.000      0.000      0.000      0.000      0.000      0.000      0.000      0.000      0.000      0.000      0.000      0.000      0.000      0.000      0.000      0.000      0.000      0.000      0.000      0.000      0.000      0.000      0.000      0.000      0.000      0.000      0.000      0.000      0.000      0.000      0.000      0.000      0.000      0.000      0.000      0.000      0.000      0.000      0.000      0.000      0.000      0.000      0.000      0.000      0.000      0.000      0.000      0.000      0.000      0.000      0.000      0.000 
  3800.00      0.000      0.000      0.000      0.000      0.000      0.000      0.000      0.000      0.000      0.000      0.000      0.000      0.000      0.000      0.000      0.000      0.000      0.000      0.000      0.000      0.000      0.000      0.000      0.000      0.000      0.000      0.000      0.000      0.000      0.000      0.000      0.000      0.000      0.000      0.000      0.000      0.000      0.000      0.000      0.000      0.000      0.000      0.000      0.000      0.000      0.000      0.000      0.000      0.000      0.000      0.000      0.000      0.000      0.000 
  3850.00      0.000      0.000      0.000      0.000      0.000      0.000      0.000      0.000      0.000      0.000      0.000      0.000      0.000      0.000      0.000      0.000      0.000      0.000      0.000      0.000      0.000      0.000      0.000      0.000      0.000      0.000      0.000      0.000      0.000      0.000      0.000      0.000      0.000      0.000      0.000      0.000      0.000      0.000      0.000      0.000      0.000      0.000      0.000      0.000      0.000      0.000      0.000      0.000      0.000      0.000      0.000      0.000      0.000      0.000 
  3900.00      0.000      0.000      0.000      0.000      0.000      0.000      0.000      0.000      0.000      0.000      0.000      0.000      0.000      0.000      0.000      0.000      0.000      0.000      0.000      0.000      0.000      0.000      0.000      0.000      0.000      0.000      0.000      0.000      0.000      0.000      0.000      0.000      0.000      0.000      0.000      0.000      0.000      0.000      0.000      0.000      0.000      0.000      0.000      0.000      0.000      0.000      0.000      0.000      0.000      0.000      0.000      0.000      0.000      0.000 
  3950.00      0.000      0.000      0.000      0.000      0.000      0.000      0.000      0.000      0.000      0.000      0.000      0.000      0.000      0.000      0.000      0.000      0.000      0.000      0.000      0.000      0.000      0.000      0.000      0.000      0.000      0.000      0.000      0.000      0.000      0.000      0.000      0.000      0.000      0.000      0.000      0.000      0.000      0.000      0.000      0.000      0.000      0.000      0.000      0.000      0.000      0.000      0.000      0.000      0.000      0.000      0.000      0.000      0.000      0.000 
  4000.00      0.000      0.000      0.000      0.000      0.000      0.000      0.000      0.000      0.000      0.000      0.000      0.000      0.000      0.000      0.000      0.000      0.000      0.000      0.000      0.000      0.000      0.000      0.000      0.000      0.000      0.000      0.000      0.000      0.000      0.000      0.000      0.000      0.000      0.000      0.000      0.000      0.000      0.000      0.000      0.000      0.000      0.000      0.000      0.000      0.000      0.000      0.000      0.000      0.000      0.000      0.000      0.000      0.000      0.000 
  4050.00     30.364      2.422      2.012     -1.627     -0.087     -1.691      2.859      4.971     -0.883     -6.466     -0.819     18.159      7.256     -3.837    -10.357     -3.528      3.187      3.658     12.345      0.303     22.594      7.775      1.757      7.356      6.121      0.090      3.223      0.777     20.996      0.145     -3.462      2.297      5.002      2.964      3.202     -7.526     -7.146     -4.622     -0.717     -1.358     -1.385      2.705      1.222     -5.206      3.466      4.157     -7.694     -6.206     -5.103     -5.286     -4.126    -11.566     -5.642      1.703 
  4100.00     30.443      2.797      2.580     -1.226     -0.616     -1.872      2.452      6.352      0.252     -7.007     -3.248     18.979      4.617     -4.970    -12.010     -3.287      2.954      1.648     11.981      1.598     21.740      5.321      1.505      5.182      5.251      1.639      3.169     -0.465     26.649      0.270     -3.022      2.454      4.634      2.146      3.938     -7.450     -8.138     -3.000      0.069     -3.545     -2.177      3.649      0.065     -6.246     -0.855      4.595     -8.417     -6.086     -4.870     -4.746     -5.704    -12.247     -8.062      0.550 
  4150.00     30.871      2.426      2.047     -0.821     -0.669     -1.607      0.168      4.813      0.505     -5.849     -3.602     14.036      6.014     -4.339    -12.955     -2.608      1.849      0.185     12.412      0.615     19.504      5.940      2.745      4.540      4.647      1.798      2.214      2.481     21.503     -0.978     -2.278      1.548      4.643      1.539      2.458     -6.832     -6.315     -3.735      2.742     -3.619     -1.188      4.456      0.079     -4.388     -2.219      5.542     -8.233     -4.580     -5.070     -3.484     -4.361    -12.996     -6.276      1.761 
  4200.00     30.853      2.051      1.752     -0.942     -0.564     -1.671     -0.826      3.446      0.415     -5.274     -4.241     12.657      5.265     -4.717    -12.954     -2.652      1.407     -0.457     12.429      0.915     18.912      5.431      1.996      6.056      4.252      0.949      3.353      3.422     18.057     -0.361     -3.132      2.364      4.638      1.372      2.956     -6.836     -7.408     -3.314      2.832     -2.521     -0.855      4.446      0.774     -4.117     -1.322      6.419     -9.363     -4.739     -4.419     -3.889     -5.028    -11.991     -6.854      0.724 
  4250.00     31.019      0.690      0.190     -1.321     -0.677     -2.245     -0.643      4.481      1.318     -5.048     -1.778     13.840      5.388     -3.089    -11.267     -1.572      0.972     -0.425     14.854      3.573      3.693      7.469     -0.667      4.950      2.157     -1.741      4.807      0.212      0.511      1.503     -3.945      2.853      5.646      1.087      3.957     -6.249    -11.000     -2.610      2.171     -3.057     -1.438      4.208     -0.916     -4.638     -1.655      5.328     -8.660     -4.685     -4.114     -4.443     -4.286    -10.674    -14.507      1.102 
  4300.00     31.059      1.305      1.188     -1.260     -0.620     -1.570     -1.462      2.766      0.132     -5.088     -1.728     11.167      5.978     -2.485    -11.847     -1.833      0.828     -0.699     12.525      1.343     13.953      5.539      2.516      5.752      2.737      0.855      2.586      3.282     13.784     -1.268     -4.148      2.535      5.358      1.308      3.293     -6.141     -7.087     -3.510      1.907     -2.017     -1.178      4.070      0.170     -4.055     -1.630      5.328     -8.220     -4.640     -4.296     -3.226     -4.502    -10.413     -6.743      0.659 
  4350.00     31.155      1.179      0.740     -1.333     -0.497     -1.425     -0.570      2.944      0.072     -5.095     -0.948     12.156      4.314     -2.078    -11.370     -1.591      0.842      0.005     12.286      0.480     12.347      6.195      2.219      4.674      1.948      0.100      1.256      2.185      9.422     -1.515     -4.373      2.311      5.641      1.514      3.393     -6.022     -6.565     -3.253      0.749     -2.112     -1.396      3.573     -0.152     -4.774      0.436      4.446     -7.600     -5.631     -4.464     -3.837     -5.639     -9.340     -6.100     -0.940 
  4400.00     31.507      1.206      0.844     -1.254     -0.557     -1.043      1.370      2.519      0.395     -4.136     -1.148     12.493      4.429     -1.607    -10.268     -1.651      1.003     -0.223     10.659     -0.242     10.982      5.820      1.950      5.248      0.366     -0.073      1.536      0.441     10.889     -1.509     -3.690      1.745      5.063      1.787      2.896     -5.266     -5.280     -3.108     -1.182     -2.032     -1.433      2.755      0.370     -5.945     -0.161      4.898     -6.818     -5.000     -3.995     -3.435     -4.371     -8.155     -4.206     -0.224 
  4450.00     31.984      1.698      1.051     -0.882     -0.591     -0.749      2.712      3.375      1.006     -4.556     -2.196     13.344      3.832     -1.934     -9.184     -1.675      1.116      0.169      9.373     -0.531     11.830      5.405      0.624      4.374      0.442     -0.775      1.038     -1.305     11.054     -2.036     -2.709      1.653      4.624      1.892      2.696     -4.367     -3.012     -3.398     -1.877     -2.578     -2.104      2.651      0.076     -6.752      0.271      4.174     -5.777     -5.369     -4.147     -3.125     -3.866     -7.797     -1.616     -0.305 
  4500.00     32.717      2.606      1.608     -0.593     -0.724     -0.875      2.775      4.343      1.150     -5.165     -3.313     13.219      3.386     -3.416     -9.610     -2.153      1.631      0.499      7.565     -0.740     16.375      3.844      0.889      2.920      1.227      0.955      0.436     -1.283     16.370     -1.252     -1.865      1.034      3.445      1.969      2.079     -4.765     -3.012     -2.717     -1.077     -2.815     -1.668      2.921      0.568     -6.085     -1.757      4.911     -5.868     -4.878     -4.213     -3.558     -3.149     -8.353     -3.752      0.309 
  4550.00     33.602      2.724      1.576     -0.293     -0.840     -0.714      1.682      4.243      1.348     -4.835     -4.512     11.798      3.565     -5.301    -10.719     -2.148      1.402     -0.392      6.883     -0.139     15.560      2.706      1.016      2.680      1.711      0.816      0.991     -0.185     16.748     -1.495     -1.556      0.949      2.767      1.441      1.474     -5.206     -3.142     -1.878     -0.426     -2.901     -1.454      3.420      1.399     -5.816     -3.382      6.945     -6.096     -2.918     -3.374     -2.882     -2.705     -9.042     -2.362      1.697 
  4600.00     34.058      2.395      1.419     -0.172     -0.820     -0.889     -0.240      4.771      1.745     -5.281     -4.539     11.198      2.180     -6.695    -11.046     -2.853      0.654     -0.709      6.904      0.320     14.495      2.320      2.005      2.455      1.981      1.921      1.558      1.234     14.951     -0.217     -2.117      0.870      2.432      0.886      0.542     -6.914     -2.604     -2.509      0.996     -2.930     -1.566      3.676      1.210     -4.617     -2.822      6.463     -5.891     -2.986     -3.093     -2.460     -2.773     -9.831     -2.274      1.422 
  4650.00     34.303      2.003      1.389     -0.212     -0.799     -0.705     -1.095      4.131      1.551     -4.626     -4.286      9.581      2.548     -6.452    -10.561     -2.328      0.130     -1.197      6.949      1.435     13.861      1.751      1.656      2.666      2.902      1.336      2.042      1.866     14.494     -0.716     -2.132      1.489      2.557      0.683      0.103     -6.158     -3.106     -2.746      1.419     -2.575     -1.127      3.591      1.562     -4.102     -2.789      6.731     -6.508     -3.114     -2.714     -2.381     -3.049    -10.210     -0.314      0.614 
  4700.00     34.283      1.646      1.065     -0.282     -0.646     -0.617     -1.453      3.664      1.395     -4.626     -4.365      9.336      1.802     -6.220    -10.560     -2.115      0.266     -1.633      7.402      1.887     12.503      1.816      2.182      3.148      2.335      1.869      2.042      3.132     11.267     -0.564     -2.505      1.822      2.943      0.433      0.373     -6.191     -3.320     -3.222      2.048     -1.852     -1.062      3.967      1.817     -3.503     -0.989      6.504     -5.977     -3.024     -2.219     -1.746     -3.086     -9.140      1.009     -0.230 
  4750.00     34.318      1.428      1.094     -0.407     -0.594     -0.531     -1.434      2.959      1.350     -4.359     -4.298      9.076      1.829     -5.469    -10.030     -1.975      0.024     -1.467      7.593      1.804     12.621      1.765      1.794      3.375      2.266      1.407      2.818      2.096     11.955     -0.529     -2.678      2.151      3.201      0.332      0.462     -5.518     -3.461     -3.668      2.208     -1.613     -0.777      3.991      2.144     -3.667     -0.957      6.526     -6.384     -4.171     -2.492     -1.661     -3.456     -9.741      1.785     -0.541 
  4800.00     34.431      1.158      0.802     -0.397     -0.512     -0.333     -0.935      1.840      0.666     -3.611     -3.882      8.054      2.145     -4.035     -9.485     -1.303      0.183     -1.791      7.718      1.931     11.059      1.743      0.945      3.390      2.861      0.641      2.445      2.270      8.456     -0.563     -3.075      2.297      3.812      0.205      1.028     -5.060     -1.989     -3.680      1.713     -1.130     -0.767      3.847      1.930     -3.544      0.110      5.910     -6.665     -4.208     -2.393     -1.982     -4.187     -8.818      2.792     -1.827 
  4850.00     34.632      1.082      0.832     -0.542     -0.504     -0.129     -0.545      1.376      0.594     -3.727     -3.810      8.332      1.520     -3.610     -9.552     -0.867      0.208     -2.089      8.266      1.152     10.600      1.804      1.734      4.098      2.175      0.862      2.685      2.461      9.569     -1.402     -3.334      2.333      3.619      0.188      1.241     -4.722     -1.838     -3.829      1.188     -0.981     -0.873      3.978      2.122     -3.937      0.132      6.038     -6.607     -4.690     -1.714     -1.807     -4.953     -7.838      4.427     -2.347 
  4900.00     34.952      1.069      0.723     -0.599     -0.251     -0.025      0.239      0.643      0.358     -2.966     -3.340      7.805      0.756     -1.962     -7.812     -0.204      0.425     -1.678      7.572      1.418      9.956      1.697      2.547      4.102      1.834      1.534      2.350      2.409      8.378     -1.032     -3.407      1.943      3.750      0.030      1.316     -4.086     -1.279     -3.946      0.530     -0.924     -0.650      3.635      1.807     -4.190      3.374      4.544     -5.234     -4.545     -2.506     -1.403     -5.025     -6.199      4.157     -3.426 
  4950.00     35.509      1.121      0.633     -0.570     -0.325      0.109      1.451      0.592      0.386     -2.857     -3.942      8.673      1.188     -2.475     -7.783     -0.620      0.099     -1.635      6.999     -0.137      9.035      1.959      1.371      4.326      1.308      0.496      2.755      0.619      6.572     -0.514     -3.523      1.926      3.388      0.038      1.634     -4.312     -0.539     -3.750     -0.481     -0.690     -1.039      3.079      1.742     -4.417      2.655      4.179     -5.156     -4.452     -1.943     -1.563     -4.499     -5.416      4.845     -3.027 
  5000.00     36.072      1.470      0.882     -0.511     -0.246      0.329      2.354      0.585      0.245     -2.929     -4.221      8.480      0.618     -2.234     -6.581     -0.787      0.466     -1.246      5.452     -0.370      9.953      1.157      1.393      4.105      0.731      0.875      1.998     -0.092      8.744     -0.826     -2.768      1.825      2.936      0.246      1.635     -3.210     -0.266     -3.612     -1.130     -0.534     -0.977      2.933      2.072     -4.753      3.146      3.815     -4.175     -4.316     -1.925     -1.503     -3.843     -4.299      6.077     -3.550 
  5100.00     37.804      2.213      1.003     -0.148     -0.408     -0.226      2.116      1.891      0.554     -3.411     -4.662      8.170      0.129     -3.710     -8.231     -1.573      0.373     -1.500      3.544     -1.861     10.582      0.623      0.050      2.509      0.449      0.826      1.401     -1.473      9.736     -0.219     -1.779      1.386      1.784      0.603      1.268     -3.475     -0.049     -1.920     -1.512     -1.094     -0.702      2.153      2.254     -4.573     -0.351      4.418     -4.576     -3.759     -2.404     -2.189     -2.793     -5.153     -0.111     -0.983 
  5200.00     39.307      2.183      0.917      0.143     -0.452     -0.185      0.013      3.245      1.335     -3.857     -3.996      7.691     -0.131     -6.393     -9.349     -2.524     -0.497     -1.788      2.837     -1.740     10.840     -0.259      0.021      1.652      0.420      0.981      0.837     -0.629     10.038     -0.017     -0.843      1.023      1.325      1.372      0.178     -4.804      0.976     -1.032      0.059     -1.537     -0.818      2.259      2.137     -3.364     -0.947      5.000     -4.713     -2.699     -1.843     -2.123     -3.054     -6.736      2.335     -0.297 
  5300.00     39.751      1.592      0.701      0.127     -0.375     -0.264     -1.319      3.468      1.264     -3.918     -3.678      6.946     -0.637     -6.968     -9.328     -2.402     -0.851     -2.201      3.240     -0.691      8.741     -0.194      0.103      1.566      0.983      1.015      1.127      0.496      7.435      0.249     -1.122      1.229      1.533      1.239     -0.522     -5.158      0.460     -1.228      1.293     -1.380     -0.410      2.465      2.432     -2.296     -0.348      5.033     -5.489     -2.698     -2.045     -2.378     -3.335     -7.587      1.822     -0.829 
  5400.00     39.725      1.163      0.551      0.052     -0.265     -0.180     -1.454      2.677      0.853     -3.354     -3.240      5.906     -1.301     -5.419     -8.620     -1.746     -0.645     -2.371      3.764      0.111      7.633     -0.177      0.117      1.724      1.375      0.958      1.370      0.996      5.969      0.044     -0.870      1.263      2.112      1.280     -0.329     -4.564      0.189     -1.657      2.547     -1.201     -0.117      2.862      1.955     -1.076      0.647      4.238     -5.399     -2.833     -2.009     -1.989     -3.372     -7.448      1.391     -1.286 
  5500.00     39.731      0.817      0.442     -0.142     -0.041      0.050     -1.102      1.833      0.304     -3.067     -2.954      5.697     -1.819     -4.247     -7.528     -1.216     -0.362     -1.912      4.247      0.640      6.470      0.122     -0.246      1.772      1.355      0.542      1.403      0.399      5.065     -0.154     -1.309      1.532      2.547      1.132      0.226     -4.001     -0.178     -2.010      2.608     -0.727      0.198      2.897      1.576     -0.674      2.687      3.586     -5.323     -3.345     -1.955     -1.894     -3.571     -7.117      2.828     -2.212 
  5600.00     39.998      0.625      0.496     -0.294      0.046      0.222     -0.622      0.946     -0.263     -2.765     -2.475      5.206     -2.537     -2.867     -6.707     -0.710     -0.272     -1.583      4.243      0.110      5.627      0.483      0.080      2.185      1.197      0.462      1.738     -0.027      5.977     -0.468     -1.670      1.485      2.747      1.005      0.839     -3.467      0.343     -2.163      2.212     -0.787      0.209      2.739      0.471     -0.232      3.860      2.417     -4.918     -3.431     -1.988     -1.836     -3.268     -5.918      2.864     -2.746 
  5700.00     40.739      0.820      0.561     -0.295     -0.001      0.521      0.285      0.259     -0.432     -2.272     -2.446      4.710     -1.763     -1.795     -4.722     -0.583      0.120     -0.631      3.724     -0.648      6.520      1.107      0.232      2.391      0.597      0.236      1.694     -1.209      6.299     -0.541     -1.555      1.224      2.745      1.002      1.231     -2.658      1.489     -2.037      1.343     -0.895     -0.033      2.307      0.082     -0.206      3.557      1.624     -3.980     -3.830     -1.991     -1.617     -2.998     -4.770      4.018     -3.122 
  5800.00     41.775      1.142      0.573     -0.170     -0.050      0.553      1.199      0.479     -0.400     -2.374     -2.540      4.553     -1.282     -1.511     -3.977     -0.878      0.108     -0.266      2.833     -2.130      6.020      1.676     -0.552      2.180     -0.205     -0.287      1.396     -2.754      5.519     -0.201     -0.826      1.161      2.282      1.025      1.361     -1.521      2.209     -1.961      0.916     -1.085     -0.130      2.277     -0.080     -0.100      2.697      1.027     -2.903     -3.530     -1.800     -1.136     -1.891     -3.249      2.923     -2.146 
  5900.00     43.130      1.643      0.573     -0.065     -0.138      0.323      1.373      1.524      0.171     -2.785     -1.805      4.399     -0.827     -1.645     -4.099     -1.197      0.166     -0.252      1.827     -2.489      5.958      1.275     -0.457      1.506     -0.579      0.461      0.727     -2.468      4.975      0.291     -0.381      0.965      1.334      0.983      0.571     -0.987      1.852     -1.536     -0.173     -1.364     -0.467      1.584     -0.369     -0.717      1.369      0.563     -2.142     -2.929     -1.455     -0.969     -0.911     -2.793      0.303     -0.521 
  6000.00     44.343      1.953      0.650      0.089     -0.215      0.113      0.296      1.979      0.317     -2.814     -1.982      4.173     -0.211     -3.178     -4.700     -1.966      0.011     -0.148      0.870     -2.788      7.009      0.874     -0.287      0.865     -0.280      0.649      0.313     -2.016      5.949      0.609      0.257      0.707      0.741      0.999     -0.126     -1.522      1.777     -0.959      0.146     -1.284     -0.327      1.042     -0.124     -0.477     -0.239      0.843     -2.172     -2.227     -1.559     -1.204     -0.787     -3.608     -0.688      0.592 
  6100.00     44.996      1.899      0.746      0.152     -0.183      0.070     -0.556      2.001      0.384     -2.486     -2.279      4.145     -0.366     -4.287     -4.697     -2.237     -0.136     -0.299      0.422     -2.508      7.308      0.747      0.027      0.662      0.375      1.040      0.670     -1.636      6.924      1.277      0.762      0.635      0.508      0.745     -0.578     -1.960      1.795     -0.802      0.991     -0.986     -0.214      1.053      0.285     -0.060     -0.595      1.013     -1.902     -1.762     -1.551     -0.854     -0.592     -4.301     -0.732      1.374 
  6200.00     45.210      1.756      0.726      0.185     -0.222      0.099     -0.853      2.212      0.441     -2.627     -2.582      4.634      0.155     -5.297     -4.475     -2.341     -0.229     -0.063      0.378     -2.050      7.697      0.649     -0.086      0.568      0.628      1.025      0.850     -1.373      6.708      1.381      0.836      0.484      0.552      0.875     -1.051     -2.565      2.048     -0.873      1.455     -0.999     -0.082      1.110      0.662      0.140     -1.447      1.520     -2.263     -1.594     -1.746     -1.048     -0.573     -4.885     -0.296      1.297 
  6300.00     45.051      1.543      0.682      0.154     -0.213      0.158     -0.614      2.154      0.357     -2.423     -2.695      5.094     -0.085     -5.250     -4.119     -2.017     -0.022     -0.114      0.869     -1.382      7.066      0.723     -0.079      0.601      0.955      1.048      1.267     -1.283      6.118      1.628      1.022      0.447      0.823      0.988     -0.672     -2.562      1.519     -0.691      1.913     -1.106     -0.087      1.364      0.639      0.073     -1.393      1.646     -2.204     -1.628     -1.742     -0.933     -0.745     -5.076     -0.415      0.985 
  6400.00     44.788      1.248      0.551      0.089     -0.158      0.272     -0.360      1.339      0.230     -1.812     -2.597      4.317      0.178     -4.046     -3.944     -1.326      0.047     -0.440      1.806     -1.204      5.550      1.215     -0.110      0.680      1.097      0.914      1.106     -0.758      4.751      1.123      0.896      0.283      1.208      0.896     -0.185     -2.300      1.042     -0.584      2.320     -0.791      0.042      1.430      0.483      0.591     -0.925      1.306     -2.466     -1.492     -1.842     -0.645     -0.887     -5.036     -0.139      0.881 
  6500.00     44.529      1.036      0.467     -0.025     -0.141      0.477     -0.235      0.546      0.101     -1.311     -2.303      3.612      0.360     -2.708     -3.524     -0.486      0.281     -0.553      2.462     -0.669      4.679      1.337     -0.189      0.979      0.906      0.346      1.257     -0.504      4.031      0.349      0.530      0.090      1.362      0.938      0.214     -2.124      1.085     -0.459      2.282     -0.569     -0.043      1.407      0.251      0.743     -0.789      1.071     -2.524     -1.374     -1.605     -0.544     -1.379     -4.423      1.379     -0.032 
  6600.00     44.409      0.935      0.420     -0.170     -0.126      0.535      0.071     -0.040      0.001     -1.037     -2.015      3.498      0.898     -1.848     -3.256     -0.037      0.366     -0.420      2.913     -0.949      4.608      1.649     -0.322      1.301      0.810      0.118      1.269     -0.745      3.530      0.155      0.069     -0.131      1.474      0.923      0.590     -2.098      1.130     -0.520      2.124     -0.313     -0.160      1.317      0.044      0.724     -0.309      0.796     -2.764     -1.424     -1.743     -0.702     -1.701     -3.981      1.894     -0.685 
  6700.00     44.379      0.888      0.394     -0.342     -0.050      0.487      0.295     -0.367     -0.078     -0.949     -1.661      3.443      0.789     -1.109     -3.126      0.217      0.469     -0.610      2.982     -1.437      4.126      1.848      0.186      1.390      0.496      0.186      0.948     -0.741      3.013     -0.353     -0.393     -0.133      1.288      0.750      0.782     -1.791      0.793     -0.570      1.453     -0.161     -0.237      1.073     -0.082      0.250      0.589      0.586     -2.798     -1.774     -1.691     -0.638     -2.015     -3.308      1.236     -0.888 
  6800.00     44.564      1.087      0.581     -0.417     -0.033      0.556      0.872      0.003     -0.027     -1.308     -1.492      4.319      1.049     -1.334     -2.514     -0.017      0.500     -0.179      2.328     -1.918      5.175      1.619      0.163      1.442      0.209      0.161      0.692     -1.669      4.602     -0.497     -0.510     -0.120      0.947      0.872      0.430     -1.456      1.507     -0.993      0.348     -0.315     -0.460      0.676      0.134     -0.780      0.579      0.559     -2.312     -2.114     -1.564     -0.454     -1.856     -2.758      2.398     -1.135 
  6900.00     44.941      1.385      0.552     -0.417     -0.020      0.524      1.494      0.319      0.270     -1.420     -1.264      4.658      1.197     -1.284     -2.187     -0.250      0.690     -0.079      1.504     -2.622      5.715      1.704      0.223      1.176     -0.377      0.333     -0.064     -1.935      3.571     -0.510     -0.261      0.007      0.486      0.737      0.270     -0.821      1.550     -1.155     -0.384     -0.353     -0.706      0.370      0.164     -1.403      0.507      0.367     -1.892     -2.326     -1.214     -0.229     -1.363     -2.095      1.761     -0.704 
  7000.00     45.448      1.850      0.771     -0.304      0.054      0.415      1.968      0.777      0.369     -1.751     -1.515      5.075      1.186     -2.015     -1.973     -0.595      0.628      0.124      0.659     -3.259      7.092      1.439      0.162      0.825     -0.322      0.791     -0.230     -2.554      5.428     -0.035      0.373      0.168      0.032      0.677      0.177     -0.119      1.723     -1.155     -0.695     -0.382     -0.580      0.382      0.300     -1.763      0.534      0.560     -1.637     -2.547     -1.163     -0.113     -1.207     -2.004      0.834     -0.131 
  7200.00     46.403      2.241      0.790     -0.138      0.031      0.262      0.853      1.235      0.279     -1.628     -1.227      3.919      1.510     -3.027     -1.891     -1.125      0.499      0.348     -0.747     -3.749      7.991      1.155      0.425     -0.115     -0.087      1.139     -0.930     -2.010      5.970      0.457      0.793      0.439     -0.735      0.067     -0.017     -0.352      1.909     -0.483      0.172     -0.285     -0.256      0.512      0.111     -0.628     -1.015      0.740     -1.087     -1.688     -0.683     -0.171     -0.495     -1.941     -0.590      0.966 
  7400.00     46.494      2.139      0.725     -0.132      0.037      0.235     -0.294      1.379      0.194     -1.526     -0.966      3.234      1.665     -3.826     -1.212     -1.159      0.476      0.384     -1.461     -2.839      7.963      0.624      0.463     -0.322     -0.312      1.269     -0.925     -1.562      5.666      0.724      0.880      0.609     -0.994     -0.008     -0.487     -0.835      2.002      0.222      0.361     -0.102     -0.132      0.256      0.529     -0.325     -1.257      1.182     -0.786     -1.197     -0.439     -0.376     -0.124     -2.228     -1.312      1.134 
  7600.00     45.731      2.051      0.795     -0.135      0.110      0.307     -0.188      2.048      0.203     -1.952     -0.970      4.443      1.392     -4.623     -0.916     -1.298      0.647      0.561     -1.749     -1.832      8.252      0.025     -0.208     -0.659     -0.530      1.219     -0.970     -2.440      6.618      0.785      0.485      0.503     -1.085      0.192     -1.338     -1.649      2.371      0.164     -0.278     -0.196     -0.135     -0.252      1.296     -1.103     -1.106      1.508     -0.696     -1.434     -0.402     -0.494      0.042     -3.243     -0.531      0.973 
  7800.00     44.511      1.731      0.676     -0.153      0.212      0.337      0.122      1.496     -0.047     -1.522     -1.203      4.108      0.750     -3.802     -0.932     -0.739      0.641      0.386     -0.810     -1.631      6.116      0.688     -0.429     -0.382     -0.437      0.831     -0.646     -1.939      5.234      0.324      1.019      0.348     -0.699      0.308     -0.909     -1.395      1.419      0.250      0.911     -0.099      0.373      0.268      1.364     -0.279     -0.390      1.412     -0.698     -1.238     -0.650     -0.237     -0.196     -3.138     -1.814      1.168 
  8000.00     43.112      1.257      0.353     -0.333      0.253      0.372      0.379      0.554     -0.361     -0.792     -0.616      2.939     -0.159     -2.049     -0.929     -0.002      0.605     -0.046      0.440     -1.849      2.873      1.490     -0.919     -0.459     -0.523      0.075     -1.171     -1.702      2.145     -0.305      1.420      0.028     -0.335      0.250      0.111     -1.137     -0.785      0.645      2.440     -0.239      0.535      1.112     -0.058      1.008      0.498      0.828     -0.983     -1.225     -1.159     -0.376     -1.121     -2.874     -3.433      0.458 
  8200.00     41.710      1.265      0.389     -0.182      0.421      0.871      0.230     -0.541     -0.991     -0.766     -1.553      2.379      0.584     -2.151     -0.020      0.601      1.530      0.693      1.529     -1.431      4.559      2.097     -0.125      0.717      0.279     -0.073      0.394     -0.529      1.805     -0.080      1.218      0.831      0.831      0.366      1.821     -1.030      1.786      0.969      2.878      0.817      1.435      1.221      0.058      2.146      2.194      1.086     -0.078     -0.459     -0.324     -0.115     -1.128     -1.177      0.930     -0.203 
  8400.00     40.395      1.133      0.453     -0.700      0.350      0.228      2.030      1.053     -0.224     -0.819     -0.350      5.565     -1.123     -2.059      0.744      0.134      1.585      1.438      1.061     -1.091      2.839      2.143     -0.092      0.001     -0.603     -0.188     -0.575     -2.152      2.719     -0.441     -0.168      0.202     -0.135      0.631      0.707     -2.481     -0.296      0.892     -1.121     -0.126     -0.586     -1.219     -0.291     -1.316      2.283      0.090     -0.824     -1.528     -1.661     -1.406     -1.297     -2.256     -3.220     -0.601 
  8600.00     39.842      1.204      0.445     -0.955      0.051      0.044      2.612      0.585      0.163      0.019     -0.183      3.995      0.006     -0.035      2.703      0.647      1.788      1.330      0.463     -0.557     -0.082      2.666     -1.201     -0.029     -1.602     -0.913     -1.647     -2.684      0.870     -1.443     -1.806     -1.178     -1.212     -0.712      0.251     -3.828     -2.233      1.737     -3.214     -0.895     -1.324     -2.313      1.325     -3.630     -1.588      0.828      0.606     -1.523     -1.252      0.488     -1.256     -1.200     -4.311      0.674 
  8800.00     39.952      1.858      0.578     -0.279      0.426      0.474      1.951     -0.987      0.011      0.993     -0.283     -0.085      2.586      1.660      1.137      2.641      1.399     -2.134     -0.233     -1.378      2.845      0.603     -0.949     -0.294     -0.983     -0.289     -1.042     -1.411      0.523     -1.105      3.057     -1.150     -0.209      2.061     -2.488      1.165      7.116      0.331      1.801     -0.382      0.344      1.532     -3.091      2.166      5.975     -1.724     -0.976      0.842     -0.798     -1.838     -0.581     -1.166      0.661     -0.849 
  9000.00      0.000      0.000      0.000      0.000      0.000      0.000      0.000      0.000      0.000      0.000      0.000      0.000      0.000      0.000      0.000      0.000      0.000      0.000      0.000      0.000      0.000      0.000      0.000      0.000      0.000      0.000      0.000      0.000      0.000      0.000      0.000      0.000      0.000      0.000      0.000      0.000      0.000      0.000      0.000      0.000      0.000      0.000      0.000      0.000      0.000      0.000      0.000      0.000      0.000      0.000      0.000      0.000      0.000      0.000 
  9200.00      0.000      0.000      0.000      0.000      0.000      0.000      0.000      0.000      0.000      0.000      0.000      0.000      0.000      0.000      0.000      0.000      0.000      0.000      0.000      0.000      0.000      0.000      0.000      0.000      0.000      0.000      0.000      0.000      0.000      0.000      0.000      0.000      0.000      0.000      0.000      0.000      0.000      0.000      0.000      0.000      0.000      0.000      0.000      0.000      0.000      0.000      0.000      0.000      0.000      0.000      0.000      0.000      0.000      0.000 
  9400.00      0.000      0.000      0.000      0.000      0.000      0.000      0.000      0.000      0.000      0.000      0.000      0.000      0.000      0.000      0.000      0.000      0.000      0.000      0.000      0.000      0.000      0.000      0.000      0.000      0.000      0.000      0.000      0.000      0.000      0.000      0.000      0.000      0.000      0.000      0.000      0.000      0.000      0.000      0.000      0.000      0.000      0.000      0.000      0.000      0.000      0.000      0.000      0.000      0.000      0.000      0.000      0.000      0.000      0.000 
  9600.00      0.000      0.000      0.000      0.000      0.000      0.000      0.000      0.000      0.000      0.000      0.000      0.000      0.000      0.000      0.000      0.000      0.000      0.000      0.000      0.000      0.000      0.000      0.000      0.000      0.000      0.000      0.000      0.000      0.000      0.000      0.000      0.000      0.000      0.000      0.000      0.000      0.000      0.000      0.000      0.000      0.000      0.000      0.000      0.000      0.000      0.000      0.000      0.000      0.000      0.000      0.000      0.000      0.000      0.000 
  9800.00      0.000      0.000      0.000      0.000      0.000      0.000      0.000      0.000      0.000      0.000      0.000      0.000      0.000      0.000      0.000      0.000      0.000      0.000      0.000      0.000      0.000      0.000      0.000      0.000      0.000      0.000      0.000      0.000      0.000      0.000      0.000      0.000      0.000      0.000      0.000      0.000      0.000      0.000      0.000      0.000      0.000      0.000      0.000      0.000      0.000      0.000      0.000      0.000      0.000      0.000      0.000      0.000      0.000      0.000 
 10000.00      0.000      0.000      0.000      0.000      0.000      0.000      0.000      0.000      0.000      0.000      0.000      0.000      0.000      0.000      0.000      0.000      0.000      0.000      0.000      0.000      0.000      0.000      0.000      0.000      0.000      0.000      0.000      0.000      0.000      0.000      0.000      0.000      0.000      0.000      0.000      0.000      0.000      0.000      0.000      0.000      0.000      0.000      0.000      0.000      0.000      0.000      0.000      0.000      0.000      0.000      0.000      0.000      0.000      0.000 
