# RSS Beamsplitter
#
# V7: bsrot, xoff zeroed for test
#     xoff from impoldist_summary_V3.xlsx/58v46
#     bsrot from impoldist_summary_V3.xls/0725_8005_IOE_2
# distortion from impoldist_zemax, with added y_YYY
# y_0 direct from ZEMAX
#   degrees in collimated space
bsrot         yoff        xoff
0.1345      0.0000      -0.0133
# E/O ratios
           EOy_0      EOy_Y   EOy_YY    EOy_YYY   EOy_XX EOx_0    EOx_X  EOx_XY EOx_XXX
        -1.00727    1.01461 -1.34038    1.07788 -0.45826    -1  1.00002 1.02110 0.99775
#
#     1.     yshift adjustment
# Ang      deg                 x1000      x1000    x1000                  x1000   x1000
Wavel      y_0        y_Y       y_YY      y_YYY     y_XX  x_0       x_X    x_XY   x_XXX
3000    -3.03961    0.99618 -1.16971    0.10061 -0.61046    0   1.00090 0.87495 0.10226
3100    -2.98615    0.99618 -1.16165    0.10061 -0.60673    0   1.00090 0.86917 0.10226
3200    -2.93932    0.99618 -1.15382    0.10061 -0.60310    0   1.00090 0.86354 0.10226
3300    -2.89800    0.99618 -1.14621    0.10061 -0.59957    0   1.00090 0.85807 0.10226
3400    -2.89800    0.99618 -1.13881    0.10061 -0.59614    0   1.00090 0.85276 0.10226
3500    -2.82860    0.99618 -1.13163    0.10061 -0.59280    0   1.00090 0.84760 0.10226
3600    -2.79924    0.99618 -1.12465    0.10061 -0.58957    0   1.00090 0.84258 0.10226
3800    -2.74879    0.99618 -1.11132    0.10061 -0.58338    0   1.00090 0.83300 0.10226
4000    -2.70713    0.99618 -1.09879    0.10061 -0.57757    0   1.00090 0.82400 0.10226
4200    -2.67221    0.99618 -1.08705    0.10061 -0.57211    0   1.00090 0.81556 0.10226
4600    -2.61717    0.99618 -1.06580    0.10061 -0.56224    0   1.00090 0.80028 0.10226
5000    -2.57586    0.99618 -1.04738    0.10061 -0.55367    0   1.00090 0.78703 0.10226
5500    -2.53682    0.99618 -1.02804    0.10061 -0.54466    0   1.00090 0.77311 0.10226
6000    -2.50703    0.99618 -1.01246    0.10061 -0.53738    0   1.00090 0.76188 0.10226
6500    -2.48339    0.99618 -1.00025    0.10061 -0.53166    0   1.00090 0.75307 0.10226
7000    -2.46399    0.99618 -0.99104    0.10061 -0.52732    0   1.00090 0.74642 0.10226
8000    -2.43330    0.99618 -0.98012    0.10061 -0.52211    0   1.00090 0.73848 0.10226
9000    -2.40903    0.99618 -0.97670    0.10061 -0.52036    0   1.00090 0.73592 0.10226
10000   -2.38817    0.99618 -0.97777    0.10061 -0.52068    0   1.00090 0.73658 0.10226
10500   -2.37847    0.99618 -0.97906    0.10061 -0.52119    0   1.00090 0.73745 0.10226
