# 20200104/sci_all
#   y            0         0         0         0         0         1         1         1         1         1         2         2         2         2         2         0         0         0         0         0         0         0         0         0         0         1         1         1         1         1         1         1         1         1         1         2         2         2         2         2 
#   x            0         0         0         0         0         0         0         0         0         0         0         0         0         0         0         1         1         1         1         1         2         2         2         2         2         1         1         1         1         1         2         2         2         2         2         1         1         1         1         1 
#  by            0         1         2         0         0         0         1         2         0         0         0         1         2         0         0         0         1         2         0         0         0         1         2         0         0         0         1         2         0         0         0         1         2         0         0         0         1         2         0         0 
#  bx            0         0         0         1         2         0         0         0         1         2         0         0         0         1         2         0         0         0         1         2         0         0         0         1         2         0         0         0         1         2         0         0         0         1         2         0         0         0         1         2 
 4000.00    0.0000    0.0000    0.0000    0.0000    0.0000    0.0000    0.0000    0.0000    0.0000    0.0000    0.0000    0.0000    0.0000    0.0000    0.0000    0.0000    0.0000    0.0000    0.0000    0.0000    0.0000    0.0000    0.0000    0.0000    0.0000    0.0000    0.0000    0.0000    0.0000    0.0000    0.0000    0.0000    0.0000    0.0000    0.0000    0.0000    0.0000    0.0000    0.0000    0.0000 
 4050.00    0.0000    0.0000    0.0000    0.0000    0.0000    0.0000    0.0000    0.0000    0.0000    0.0000    0.0000    0.0000    0.0000    0.0000    0.0000    0.0000    0.0000    0.0000    0.0000    0.0000    0.0000    0.0000    0.0000    0.0000    0.0000    0.0000    0.0000    0.0000    0.0000    0.0000    0.0000    0.0000    0.0000    0.0000    0.0000    0.0000    0.0000    0.0000    0.0000    0.0000 
 4100.00   97.9769   -0.2599   -0.6177   -0.4321   -0.9411   -3.9505   -1.5157    2.9970    2.4872    2.7512   -3.7694    0.4952    4.3324   -1.7485    1.4925    2.1612   -0.8031   -0.1971   -3.4161    0.1580   -8.6295    1.5994    2.1722    1.6689    0.1288   -5.5421    2.7819   -1.3621    2.1456   -0.1515    8.6504   -6.8318   -3.1050   -5.4644   -2.2778   -1.2576   -3.1445   -1.7327    1.4674   -1.0393 
 4150.00   97.9995   -0.0018   -0.2824   -0.4406   -0.5948   -2.8053   -1.3924    0.6219    3.3835    2.1559   -5.0222    0.8753    0.2710    0.3906    2.9724    1.9560   -0.7571   -0.1903   -3.3153   -0.2403   -7.9860    1.3405    1.9639    0.7886   -0.5314   -5.1406    1.8065   -1.3931    1.3186   -0.9451    6.0292   -6.6107    1.2256   -8.3879   -1.2606   -1.2777   -3.1305   -1.8859    2.8279    0.0683 
 4200.00   98.1017    0.0431   -0.2101   -0.3324   -0.3409   -2.3967   -1.0468    0.7062    3.1560    1.4061   -5.3496    0.7071    0.7746    0.3184    0.7241    1.9315   -0.4297   -0.3820   -3.1967   -0.0502   -7.7163    1.2933    1.7137    0.7693   -0.8911   -4.5838    1.9094   -0.5749    0.8552   -0.4161    5.8472   -6.9050   -0.1918   -7.3214   -0.9577   -2.2164   -6.3092    0.4169    1.3146   -0.1332 
 4250.00   98.2392   -0.0537   -0.2303   -0.3268   -0.3530   -1.8544   -0.9432   -0.0837    2.8577    0.6755   -5.9613    1.1938    1.0327    0.4734    1.4111    2.0018   -0.5222   -0.3030   -3.2626   -0.0495   -7.5164    1.3871    1.6585    0.7940   -1.1829   -4.0458    1.7908   -0.8520    0.9735   -0.3446    4.0902   -6.7010    2.0033   -6.9556   -0.0046   -2.2635   -5.6216    0.3733    2.5211    0.2168 
 4300.00   98.2140   -0.0899   -0.1986   -0.2493   -0.2170   -2.0180   -0.7037    0.1554    2.5891    0.8085   -6.0636    0.7637    0.3757    0.2805    0.8428    2.1428   -0.4384   -0.5237   -3.0974    0.0977   -7.2816    1.2162    1.8693    0.6926   -1.4810   -3.5569    1.9704   -0.9933    0.5651   -0.1425    4.0415   -6.8943    1.3463   -6.3932   -1.0987   -1.9873   -5.6865    0.4100    1.3834    0.2313 
 4350.00   98.1598   -0.1850   -0.1352   -0.2252   -0.2448   -2.2787   -0.6960    0.4925    2.2630    0.9176   -6.1162    0.5978    0.2536   -0.2689    0.7595    2.2666   -0.3374   -0.6189   -3.1097    0.1391   -6.9507    1.2947    1.6167    0.8294   -1.4767   -2.9919    2.3237   -1.0202    0.1781   -0.4924    4.2316   -6.6472    0.3475   -5.9513   -1.4122   -1.6866   -5.2200    0.3893    1.2194   -0.5278 
 4400.00   98.0432   -0.1635   -0.1029   -0.2750   -0.2985   -2.1276   -0.6205    0.3782    1.9343    0.8420   -5.7857    0.3979    0.1663   -0.2316    0.8883    2.2921   -0.1870   -0.6515   -3.0200    0.2371   -6.6851    1.2746    1.5359    0.9396   -1.4002   -2.9194    2.6151   -0.9845    0.4011   -0.7353    4.0131   -7.1644    0.7151   -5.6209   -0.7656   -1.6733   -5.3828    0.7569    1.0989   -1.2289 
 4450.00   97.9781   -0.1406   -0.0614   -0.3369   -0.2933   -1.9222   -0.6816    0.5330    1.7839    0.9437   -5.8331    0.2450    0.1474    0.0094    0.7815    2.1560   -0.0652   -0.5471   -2.9530    0.2364   -6.2414    1.4327    1.1748    1.0085   -1.4858   -2.9102    2.3300   -0.8735    0.2195   -0.8859    4.5052   -6.8014   -0.3057   -5.3272   -1.3613   -1.5566   -5.7262    0.5020    1.3393   -0.7384 
 4500.00   97.9397   -0.0788   -0.0718   -0.3870   -0.2671   -1.4332   -0.7222    0.4559    1.6955    0.6538   -6.0004    0.4136    0.5215    0.2040    0.8643    2.0052   -0.0322   -0.5715   -2.7749    0.2117   -5.8675    1.3078    1.0893    0.9603   -1.4344   -2.9034    2.2781   -0.8537    0.2622   -1.0182    4.2718   -6.8844   -0.2091   -5.1906   -0.7136   -1.3521   -5.0843    0.0136    1.0596   -0.7223 
 4550.00   97.9737   -0.0743   -0.0948   -0.4487   -0.2188   -1.0965   -0.7556    0.5527    1.7619    0.5915   -5.9138    0.5635    0.4377    0.4967    0.5348    1.9270   -0.0387   -0.5781   -2.6372    0.1143   -5.6325    1.3496    1.0628    0.9066   -1.4129   -3.2752    2.2168   -0.5011    0.1583   -0.7559    4.3935   -6.6607   -0.8138   -5.0819   -0.9647   -1.7771   -4.8753    0.4679    0.8969   -0.2163 
 4600.00   97.9858   -0.0469   -0.0446   -0.4933   -0.1739   -0.7177   -0.7521    0.3304    1.7973    0.4685   -5.7774    0.5030    0.3012    0.5577    0.6123    1.8301   -0.0624   -0.4719   -2.5316    0.0396   -5.4059    1.3096    0.9412    0.8989   -1.4053   -3.5231    2.2226   -0.2931    0.1445   -0.5461    3.9474   -6.4305   -0.3941   -5.0619   -0.7406   -2.1101   -4.9926   -0.0040    0.8840    0.3721 
 4650.00   98.0367   -0.0679   -0.0706   -0.5319   -0.1539   -0.5601   -0.7063    0.3065    1.8268    0.3997   -5.7283    0.5156    0.4914    0.6811    0.6373    1.7763   -0.0630   -0.4853   -2.4433    0.0499   -5.2834    1.3493    0.9752    0.8862   -1.3688   -3.7364    2.3249   -0.2450    0.1772   -0.4860    3.8989   -6.1977   -0.4342   -5.0964   -0.6750   -2.1642   -5.1849    0.2608    0.7194   -0.1265 
 4700.00   98.0783   -0.1109   -0.0670   -0.5203   -0.1099   -0.4617   -0.6933    0.3031    1.8529    0.3528   -5.4520    0.5385    0.2028    0.7500    0.5665    1.7664   -0.1106   -0.4653   -2.3966    0.0051   -5.1576    1.3475    0.9540    0.8751   -1.3924   -3.8625    2.2690   -0.0372    0.1713   -0.3500    3.7065   -5.9919   -0.5527   -5.0854   -0.5652   -2.3382   -5.0108    0.4974    0.8211    0.1989 
 4750.00   98.1065   -0.1613   -0.0745   -0.4847   -0.0953   -0.5291   -0.6089    0.3071    1.7498    0.3496   -5.3194    0.5018    0.3477    0.6482    0.5702    1.7430   -0.1236   -0.4165   -2.3576    0.1303   -5.0529    1.3447    1.0164    0.9249   -1.4166   -3.6871    2.3068   -0.1867    0.2364   -0.3421    3.6952   -5.8760   -0.3426   -4.8090   -0.5571   -1.8236   -4.5490    0.1622    0.8042   -0.4889 
 4800.00   98.1427   -0.1944   -0.0689   -0.4435   -0.1190   -0.6292   -0.5618    0.3143    1.6171    0.3481   -5.5156    0.4327    0.4438    0.5444    0.7297    1.7299   -0.0154   -0.4002   -2.3510    0.2227   -4.8968    1.2222    1.0353    1.0202   -1.3641   -3.3363    2.2962   -0.3443    0.3380   -0.3176    3.5363   -5.8281   -0.0565   -4.3535   -0.3646   -0.9266   -4.9091   -0.3475    1.3402   -0.6172 
 4900.00   98.1144   -0.2708   -0.0321   -0.3618   -0.1253   -0.8320   -0.5193    0.3832    1.3126    0.3944   -5.3354    0.4016    0.1904    0.1849    0.7021    1.8616    0.2178   -0.4866   -2.1922    0.3643   -4.5132    1.1228    0.9761    1.1310   -1.3230   -2.6740    2.3455   -0.6018    0.3910   -0.4628    3.5526   -5.5195   -0.1702   -3.8848   -0.4173   -0.4420   -4.9286   -0.3529    1.3503   -0.9377 
 5000.00   98.0634   -0.2613    0.0164   -0.3354   -0.1193   -0.6627   -0.5371    0.4441    1.1389    0.3431   -5.2366    0.4543    0.0784    0.0664    0.6381    1.8314    0.4360   -0.5662   -1.9671    0.4407   -4.0042    1.0202    0.8314    1.1404   -1.2326   -2.2966    2.2502   -0.7170    0.4159   -0.7151    3.3335   -5.1438   -0.4031   -3.6556   -0.2332   -0.3012   -4.5542   -0.1010    1.2112   -1.1198 
 5100.00   98.0718   -0.1959    0.0198   -0.3813   -0.0729   -0.2871   -0.6095    0.4302    1.1524    0.2426   -5.0524    0.5281    0.1485    0.2971    0.5262    1.6939    0.5267   -0.5582   -1.7207    0.3479   -3.4414    0.8672    0.6848    1.1015   -1.1559   -2.4280    2.0248   -0.4679    0.4560   -0.8245    2.9980   -4.6774   -0.5606   -3.5989   -0.0695   -0.4953   -4.3845    0.1109    1.2091   -0.6003 
 5200.00   98.1785   -0.1254   -0.0014   -0.4228   -0.0268    0.0654   -0.6236    0.3046    1.1375    0.0548   -4.9560    0.4441    0.3751    0.3840    0.4992    1.5374    0.4744   -0.5083   -1.5004    0.2045   -3.1038    0.7650    0.5784    0.9749   -1.0493   -3.1311    1.9856   -0.1544    0.3945   -0.6034    2.4861   -4.2041   -0.4148   -3.3452    0.2292   -0.8400   -4.2595    0.2158    1.0900   -0.4171 
 5300.00   98.2956   -0.0981   -0.0198   -0.4251    0.0159    0.1222   -0.5834    0.2313    1.1321    0.0170   -4.6968    0.3941    0.3801    0.3957    0.4911    1.4115    0.3472   -0.4122   -1.3331    0.1040   -2.9764    0.7927    0.5516    0.8710   -0.9680   -3.6678    2.0118    0.0241    0.3123   -0.4208    2.5628   -3.9290   -0.5006   -3.2989    0.2326   -0.8334   -4.0297   -0.1880    0.9556   -0.4150 
 5400.00   98.4047   -0.1131   -0.0136   -0.3604    0.0373    0.0356   -0.4972    0.2205    1.0803    0.0401   -4.4745    0.3900    0.3157    0.3901    0.4347    1.3234    0.2837   -0.3310   -1.2215    0.0988   -2.9001    0.8063    0.4993    0.7917   -0.9140   -3.7514    1.9777   -0.0099    0.2442   -0.3691    2.8699   -3.8727   -0.5585   -3.1910    0.0863   -0.5626   -3.9560   -0.4802    0.8314   -0.5057 
 5500.00   98.4777   -0.1559   -0.0078   -0.2787    0.0338   -0.1071   -0.4081    0.2445    0.9785    0.0726   -4.3540    0.3492    0.3622    0.3607    0.5414    1.3147    0.3042   -0.2975   -1.1438    0.1789   -2.7801    0.8029    0.4737    0.8018   -0.9025   -3.4138    1.9310   -0.1257    0.2236   -0.3121    3.1447   -3.7918   -0.5924   -2.9233   -0.0129   -0.2741   -3.9711   -0.7003    0.8534   -0.6877 
 5600.00   98.4995   -0.2100    0.0272   -0.2032    0.0311   -0.2540   -0.3229    0.2823    0.8165    0.1129   -4.1551    0.3450    0.2225    0.1819    0.4525    1.3260    0.3714   -0.3188   -1.0846    0.2705   -2.6047    0.7592    0.4566    0.8600   -0.8952   -2.7276    1.9261   -0.2994    0.2878   -0.3633    3.2590   -3.5548   -0.4993   -2.5919   -0.0367   -0.0547   -3.8441   -0.6781    1.0386   -0.6577 
 5700.00   98.4874   -0.2466    0.0590   -0.1681    0.0162   -0.2960   -0.2776    0.2723    0.6730    0.1326   -4.0332    0.3339    0.1446    0.1068    0.4482    1.2922    0.5000   -0.3607   -1.0297    0.3600   -2.3532    0.7055    0.4343    0.9145   -0.8650   -1.9736    1.8811   -0.4292    0.3806   -0.4660    3.1864   -3.3729   -0.3401   -2.3608   -0.0133    0.1644   -3.7894   -0.5127    1.3493   -0.8307 
 5800.00   98.4702   -0.2620    0.1004   -0.1585    0.0118   -0.2177   -0.2925    0.2725    0.5621    0.1006   -3.8466    0.3361    0.0938    0.0965    0.4115    1.2032    0.6258   -0.3814   -0.9533    0.3871   -2.0693    0.6463    0.3856    0.9226   -0.8047   -1.3462    1.7815   -0.4540    0.4988   -0.6024    2.8575   -3.0839   -0.2987   -2.2018    0.1919    0.2469   -3.7339   -0.3264    1.5848   -0.6184 
 5900.00   98.4894   -0.2562    0.1351   -0.1634    0.0154   -0.0892   -0.3043    0.2602    0.4892    0.0618   -3.7255    0.3863    0.0613    0.0855    0.3982    1.1043    0.7099   -0.4055   -0.8308    0.3653   -1.7558    0.5490    0.3037    0.8756   -0.7262   -0.8991    1.6412   -0.4093    0.5897   -0.6761    2.3250   -2.7028   -0.2059   -2.1293    0.3526    0.1665   -3.7584   -0.0622    1.7017   -0.5466 
 6000.00   98.5465   -0.2580    0.1481   -0.1723    0.0271    0.0134   -0.3240    0.2448    0.4367    0.0233   -3.5756    0.4473    0.0274    0.0754    0.3812    1.0129    0.7262   -0.3865   -0.6790    0.2842   -1.4771    0.4685    0.2143    0.7721   -0.6194   -0.6760    1.5419   -0.3180    0.6423   -0.7137    1.7932   -2.2610   -0.2075   -2.0549    0.4986   -0.0469   -3.7580    0.0190    1.5825   -0.4928 
 6200.00   98.6749   -0.2608    0.1684   -0.1672    0.0369   -0.0193   -0.2337    0.2575    0.3437    0.0158   -3.2641    0.4101   -0.0213    0.0175    0.3459    0.8083    0.6365   -0.3188   -0.4254    0.1108   -1.1412    0.4298    0.0620    0.5568   -0.4114   -0.6560    1.4645   -0.2324    0.4910   -0.5693    1.7973   -2.0237   -0.4965   -1.6983    0.3925   -0.2536   -3.6751   -0.0008    1.2517   -0.5336 
 6400.00   98.7482   -0.2775    0.1724   -0.1069    0.0273   -0.1829   -0.1057    0.2244    0.2432    0.0112   -2.9621    0.3411   -0.0436   -0.0357    0.3968    0.5423    0.5698   -0.1784   -0.3473    0.1168   -0.9558    0.5181   -0.0069    0.4626   -0.3423   -0.3910    1.4065   -0.2816    0.2619   -0.4275    2.6472   -2.2252   -0.6982   -1.3469    0.0500    0.0660   -3.6359   -0.5017    1.1910   -0.5791 
 6600.00   98.6655   -0.3375    0.2327   -0.0988    0.0449   -0.3743    0.0184    0.2607    0.1025    0.0571   -2.5967    0.3371   -0.1257   -0.0164    0.3551    0.3647    0.5667   -0.1754   -0.3327    0.1843   -0.7084    0.5951   -0.0741    0.5272   -0.3907    0.6033    1.3606   -0.4831    0.3239   -0.4182    3.1405   -2.1481   -0.6666   -1.0047   -0.0543    0.1904   -3.5566   -0.5103    1.3135   -0.4741 
 6800.00   98.4740   -0.3724    0.3148   -0.1274    0.0638   -0.3787    0.1063    0.2031   -0.0512    0.0555   -2.3740    0.3916   -0.2393   -0.0516    0.3674    0.2393    0.6552   -0.1955   -0.3217    0.2072   -0.5024    0.5549   -0.0872    0.5500   -0.3727    1.8642    1.2711   -0.5104    0.4923   -0.5814    3.0285   -2.0572   -0.5353   -0.8456    0.1028    0.0559   -3.5427   -0.1111    1.5964   -0.4546 
 7000.00   98.3480   -0.4773    0.3254   -0.2078    0.0359   -0.2010    0.0569    0.1431   -0.1537    0.0474   -2.3583    0.6015   -0.1450   -0.0557    0.4638    0.3224    0.6972   -0.2679   -0.2544    0.1446   -0.3902    0.5821   -0.1184    0.5142   -0.2515    3.0867    1.0999   -0.6426    0.7305   -0.7385    2.1637   -1.6616   -0.1633   -0.8397    0.4433   -0.9773   -3.2143    0.6251    1.8023   -0.2231 
 7200.00   98.0889   -0.6513    0.4201   -0.3591    0.0412   -0.0598    0.1744    0.1354   -0.1679    0.0545   -1.8672    0.9057   -0.4743    0.1200    0.2662    0.6161    0.6583   -0.3690   -0.0471   -0.0430   -0.0593    0.6141   -0.3417    0.4982   -0.1213    4.0829    0.8249   -0.7430    0.9806   -0.8685    0.9913   -1.2235    0.1961   -0.8847    0.7646   -2.3930   -3.4659    1.2967    1.1988   -0.0224 
 7400.00   97.7790   -0.7862    0.5422   -0.4296    0.0232    0.0858    0.4847   -0.0341   -0.1310    0.0948   -1.2978    1.0036   -0.7815    0.2080    0.0093    0.8341    0.6559   -0.4806    0.1629   -0.2225    0.2999    0.5764   -0.4853    0.4006    0.0781    4.5203    0.5703   -0.6687    1.1110   -0.8358    0.3120   -1.0979    0.2264   -0.9657    0.7356   -3.7027   -3.7890    1.7792    0.5585    0.3110 
 7600.00   97.5975   -0.8606    0.5887   -0.3510   -0.0362    0.2263    0.6883   -0.2096   -0.1905    0.0516   -1.0243    0.9304   -0.9117    0.1239   -0.0513    0.7481    0.7032   -0.5827    0.2271   -0.2113    0.5388    0.5778   -0.5231    0.2546    0.2279    4.4125    0.4427   -0.4894    0.8905   -0.6076    0.4067   -1.2794    0.2518   -0.6972    0.3645   -3.9123   -3.8001    1.9229    0.4481    0.1724 
 7800.00   97.4528   -0.9192    0.5876   -0.2938   -0.0643    0.2268    0.8278   -0.1798   -0.2649    0.0687   -0.8872    0.9143   -0.9618    0.0728    0.0177    0.5097    0.8045   -0.5708    0.1763   -0.1507    0.7187    0.6776   -0.5629    0.2339    0.2209    4.4265    0.4143   -0.5885    0.6790   -0.5545    0.8250   -1.5011    0.1601   -0.4963    0.0639   -3.9487   -3.7676    1.9535    0.7236    0.3014 
 8000.00   97.2828   -0.9376    0.6422   -0.3138   -0.0532    0.3471    0.9407   -0.2632   -0.2653    0.0860   -0.8383    0.8296   -0.9753    0.0749   -0.0547    0.3109    0.8343   -0.5684    0.1623   -0.0890    0.8467    0.7500   -0.6323    0.2860    0.1836    4.5680    0.3305   -0.6710    0.6075   -0.5255    0.9962   -1.6660    0.3380   -0.3638   -0.0178   -4.0065   -3.5373    2.0210    0.8988    0.3468 
 8400.00   96.9856   -0.9146    0.7585   -0.3945    0.0082    0.8335    0.9479   -0.5072   -0.1231    0.0752   -0.9589    0.6039   -0.8757    0.1870   -0.1031    0.1313    0.7948   -0.4865    0.2473   -0.0386    0.8488    0.8577   -0.7229    0.3762    0.2198    4.8894    0.1765   -0.5885    0.5693   -0.4441    0.8710   -1.4720    0.4154   -0.4234   -0.2162   -4.3079   -3.1640    1.6719    1.2611    0.1936 
 8800.00   96.8523   -0.8649    0.8029   -0.3551    0.0454    1.2666    0.7539   -0.6294   -0.2009   -0.0708   -1.6479    0.4187   -0.5697    0.1336    0.0174    0.1790    0.7810   -0.3025    0.4808   -0.0471    0.6595    0.7491   -0.8048    0.1687    0.3538    5.0712   -0.1160   -0.2911    0.5949   -0.3492    0.2447   -1.0472    0.1861   -0.1797    0.1333   -4.8170   -2.5438    1.7889    1.5883    0.0379 
 9200.00   96.6678   -0.7733    0.8151   -0.3020    0.0431    1.3799    0.5329   -0.5155   -0.4248   -0.1905   -1.8038    0.3079   -0.7066    0.3831   -0.3467    0.6011    0.7487   -0.2255    0.7467   -0.1278    0.5528    0.5350   -1.0408    0.0270    0.5621    5.2765   -0.3086   -0.0198    0.2460   -0.0962   -0.1502   -0.8253   -0.1562    0.3243   -0.0063   -5.3656   -2.0782    2.2077    0.9337    1.0338 
 9600.00   95.9578   -0.4334    1.1210   -0.4292    0.3713    1.2118    0.8667   -0.5264   -0.4372    0.0062   -1.1821   -1.2757   -2.2282    0.6811   -1.8627    1.3992    0.5078   -0.3220    0.9804   -0.4637    1.0879    0.1729   -1.5177    0.0775    0.3063    5.0250   -0.0687    0.3990   -0.3195    0.4468   -0.9062   -0.7165    0.6687    1.0312   -0.4830   -4.9889   -1.8779    1.1417   -1.1139    1.3872 
10000.00    0.0000    0.0000    0.0000    0.0000    0.0000    0.0000    0.0000    0.0000    0.0000    0.0000    0.0000    0.0000    0.0000    0.0000    0.0000    0.0000    0.0000    0.0000    0.0000    0.0000    0.0000    0.0000    0.0000    0.0000    0.0000    0.0000    0.0000    0.0000    0.0000    0.0000    0.0000    0.0000    0.0000    0.0000    0.0000    0.0000    0.0000    0.0000    0.0000    0.0000 
 4000.00    0.0000    0.0000    0.0000    0.0000    0.0000    0.0000    0.0000    0.0000    0.0000    0.0000    0.0000    0.0000    0.0000    0.0000    0.0000    0.0000    0.0000    0.0000    0.0000    0.0000    0.0000    0.0000    0.0000    0.0000    0.0000    0.0000    0.0000    0.0000    0.0000    0.0000    0.0000    0.0000    0.0000    0.0000    0.0000    0.0000    0.0000    0.0000    0.0000    0.0000 
 4050.00    0.0000    0.0000    0.0000    0.0000    0.0000    0.0000    0.0000    0.0000    0.0000    0.0000    0.0000    0.0000    0.0000    0.0000    0.0000    0.0000    0.0000    0.0000    0.0000    0.0000    0.0000    0.0000    0.0000    0.0000    0.0000    0.0000    0.0000    0.0000    0.0000    0.0000    0.0000    0.0000    0.0000    0.0000    0.0000    0.0000    0.0000    0.0000    0.0000    0.0000 
 4100.00  120.9515   -0.8442   -0.0319   -0.7293   -0.0182   -0.8347   -0.8450    0.3319   -3.4131   -0.9278   -2.7724    2.1928    0.3185    0.8470   -0.8383   -1.2044    4.2505   -0.0800   -0.2119   -0.1091   -0.6785   -0.2802   -0.0339    0.8689    0.2051    2.8821   -0.5512    0.0286   -0.4937   -0.5676   -0.2041   -2.3627   -0.3540    2.5193    0.6165    0.9526   -6.0025   -0.8812   -1.7661    0.6197 
 4150.00  120.6217   -0.7879    0.1378   -0.8068    0.1087   -1.4817   -0.8141    0.6982   -3.6084   -0.7983   -1.9803    1.3003   -0.1191    0.9953   -0.9989   -0.6813    4.2628   -0.4005   -0.4005   -0.2110   -0.3777   -0.1796   -0.2954    1.0517   -0.2877    2.6667   -0.8477    0.0785   -0.3983   -0.8421   -0.0116   -2.1717   -0.6647    2.4062    0.8166    0.3303   -6.5232    0.5533   -1.4807    0.7418 
 4200.00  120.6800   -0.8884    0.0997   -0.7795    0.0374   -1.7381   -0.8325    0.7541   -3.5091   -0.5742   -1.9379    1.9046   -0.3714    0.6441   -0.6324   -0.4155    4.3572   -0.6234   -0.4194   -0.2830   -0.4901   -0.0007   -0.0706    0.9405   -0.1959    2.5848   -0.6738   -0.2452   -0.7862   -0.9193   -0.0077   -1.8989   -0.9933    1.8931    0.2732   -0.8246   -6.2351    1.2126   -1.7929    0.9363 
 4250.00  120.8460   -0.9262    0.0734   -0.7616    0.0409   -1.6681   -0.8702    0.6663   -3.5110   -0.5445   -1.7037    2.0071   -0.0416    0.8226   -0.6064   -0.3632    4.5169   -0.8500   -0.3813   -0.4392   -0.6384    0.0390    0.1775    0.6791   -0.2083    2.7965   -0.9461   -0.2620   -0.8453   -1.0157   -0.3549   -1.4148   -0.6754    1.8720    0.1676   -1.6352   -6.3587    2.4732   -2.1912    2.2108 
 4300.00  121.1252   -0.8823    0.0628   -0.7952    0.0050   -1.5904   -0.8090    0.7058   -3.2930   -0.4777   -1.6588    2.0785    0.1698    0.9486   -0.1978   -0.5142    4.5292   -0.7076   -0.4469   -0.3259   -0.7239   -0.0083    0.1307    0.7616   -0.2111    3.0199   -1.0910   -0.2365   -0.8696   -0.9423   -0.4855   -1.2276   -0.6190    1.6099    0.1632   -1.6940   -6.2720    2.3029   -1.6824    2.0282 
 4350.00  121.4461   -0.8145    0.0727   -0.7121    0.0832   -1.3853   -0.7424    0.6040   -2.9931   -0.3708   -1.5045    1.7327    0.1021    0.7552   -0.4553   -0.5358    4.5319   -0.6943   -0.3396   -0.3028   -0.8785   -0.0474    0.3195    0.5478   -0.2248    3.5414   -0.9461   -0.7265   -0.6804   -1.3386   -0.7057   -1.2789    0.0218    0.9027    0.1611   -1.4590   -5.7126    1.8315   -2.0843    1.4273 
 4400.00  121.8453   -0.7209    0.0628   -0.6129    0.1094   -1.1955   -0.7822    0.4638   -2.7781   -0.4052   -1.6037    1.7358    0.0577    0.8609   -0.5216   -0.4185    4.5160   -0.6880   -0.2778   -0.2589   -1.0404   -0.3264    0.4043    0.4253   -0.1929    3.7935   -0.9659   -0.8952   -0.6615   -1.3131   -0.6226   -1.2541    0.0746    0.8963    0.2445   -1.2289   -5.9744    1.9333   -1.9907    1.3807 
 4450.00  122.2829   -0.6510   -0.0035   -0.4630    0.1063   -1.0701   -0.8652    0.2642   -2.5465   -0.4747   -2.0458    1.4685    0.3582    0.5021   -0.4447   -0.1962    4.1863   -0.5664   -0.2203   -0.1657   -1.0767   -0.3621    0.3742    0.3686   -0.1625    3.8201   -0.9436   -1.1040   -0.4924   -1.4377   -0.4313   -1.3724    0.2729    0.5161    0.3754   -0.8538   -5.6779    1.1325   -1.6459    0.8521 
 4500.00  122.6717   -0.6481   -0.0334   -0.3641    0.0789   -1.2212   -0.9865    0.3101   -2.3874   -0.4285   -2.2929    1.4980    0.5299    0.4221   -0.2899    0.0518    3.8209   -0.5647   -0.1729   -0.0994   -1.0482   -0.3802    0.3043    0.3689   -0.1581    3.5419   -0.7168   -1.2392   -0.5050   -1.4308   -0.0534   -1.2894    0.1291    0.3735    0.3035   -0.4712   -5.1776    0.8467   -1.5641    0.4257 
 4550.00  122.9987   -0.6464   -0.0404   -0.2917    0.0451   -1.3696   -1.0326    0.3486   -2.3214   -0.3897   -2.2301    1.4567    0.4824    0.2999   -0.2245    0.1635    3.6222   -0.5028   -0.1367   -0.0872   -0.9638   -0.4377    0.1744    0.3363   -0.1286    3.1505   -0.3749   -1.2518   -0.4564   -1.4562    0.1544   -1.2877    0.0548    0.1454    0.3467    0.0493   -4.7365    0.4347   -1.4269    0.1003 
 4600.00  123.2704   -0.6540   -0.0422   -0.2645    0.0387   -1.4388   -0.9601    0.2961   -2.3435   -0.3096   -2.0437    1.6206    0.4758    0.2534   -0.2709    0.1562    3.5834   -0.4753   -0.0892   -0.1162   -0.8948   -0.4567    0.1607    0.3235   -0.1136    2.8934   -0.1254   -1.2785   -0.4483   -1.4240    0.1266   -1.2946    0.2947    0.1994    0.3379    0.2919   -4.6745    0.2308   -1.5156    0.3118 
 4650.00  123.5269   -0.6145   -0.0249   -0.2753    0.0345   -1.4764   -0.8953    0.3087   -2.4337   -0.2112   -1.8492    1.5718    0.4158    0.1752   -0.1761    0.0333    3.6014   -0.4181   -0.0435   -0.1342   -0.8257   -0.4163    0.0929    0.2980   -0.0771    2.6494   -0.0405   -1.1253   -0.3620   -1.4121    0.1016   -1.1202    0.2859    0.3433    0.2947    0.3882   -4.4339    0.3921   -1.3252    0.1414 
 4700.00  123.8236   -0.5811   -0.0477   -0.3053    0.0449   -1.4922   -0.8007    0.2994   -2.5590   -0.1477   -1.7756    1.5744    0.5444    0.0219   -0.0899   -0.1089    3.6601   -0.3880    0.0015   -0.2017   -0.8717   -0.3847    0.1849    0.2612    0.0172    2.6415    0.0348   -1.1732   -0.2962   -1.4755   -0.0678   -1.0168    0.5920    0.3738    0.4862    0.3297   -4.0853    0.3576   -1.2629    0.2907 
 4750.00  124.1240   -0.5574   -0.0392   -0.3473    0.1082   -1.5184   -0.7106    0.3408   -2.6616   -0.0634   -1.6554    1.5843    0.6201   -0.0691   -0.2140   -0.2825    3.6724   -0.3707   -0.0144   -0.2146   -0.8588   -0.2856    0.2277    0.3057   -0.0297    2.6554   -0.0120   -1.0548   -0.3810   -1.4505    0.0063   -0.8492    0.5721    0.6644    0.2658    0.2770   -3.7655    0.5457   -1.1567    0.2270 
 4800.00  124.4667   -0.5196   -0.0129   -0.4062    0.1432   -1.5230   -0.6116    0.4068   -2.6733    0.0203   -1.4982    1.5278    0.5793    0.1005   -0.1568   -0.4833    3.7025   -0.2657    0.0325   -0.2318   -0.8023   -0.2920    0.1758    0.2772   -0.0352    2.7741   -0.1427   -0.9575   -0.4128   -1.4077    0.3510   -0.8976    0.2560    0.8148    0.0435    0.6164   -4.0085    0.1449   -1.2937    0.2922 
 4900.00  125.3917   -0.4507    0.0067   -0.3940    0.1848   -1.1708   -0.4999    0.2975   -2.3655    0.0111   -1.3207    1.2638    0.4217    0.3933   -0.2800   -0.5818    3.5733   -0.2328    0.0386   -0.1826   -0.8965   -0.3163    0.2379    0.1912   -0.0701    2.9849   -0.2781   -0.9352   -0.4805   -1.2169    0.2041   -0.9598    0.2496    0.7971    0.0019    0.3842   -3.9570    0.0735   -1.3582    0.4759 
 5000.00  126.5210   -0.4090   -0.0251   -0.2365    0.1293   -0.8035   -0.5817    0.1780   -1.8434   -0.0862   -1.4768    0.9901    0.4170    0.3527   -0.3138   -0.2969    3.0449   -0.2271   -0.0244   -0.0409   -0.9656   -0.3104    0.1929    0.1652   -0.1086    3.0175   -0.4376   -1.0195   -0.5487   -1.0367    0.2162   -0.8353    0.2042    0.5386   -0.1428    0.2581   -3.2443    0.0264   -1.0287    0.1045 
 5100.00  127.5756   -0.4271   -0.0650   -0.0783    0.0065   -0.7262   -0.6912    0.1558   -1.4377   -0.1188   -1.6310    0.9009    0.4320    0.2926   -0.1767    0.1008    2.5187   -0.2931   -0.0727    0.0366   -0.9263   -0.3587    0.0987    0.1914   -0.0953    2.8101   -0.3897   -1.1365   -0.5075   -0.9151    0.3094   -0.6874    0.2187    0.2605   -0.1687    0.3753   -2.9066   -0.0304   -0.5984    0.0452 
 5200.00  128.3454   -0.4212   -0.0799   -0.0123   -0.0907   -0.8165   -0.6454    0.1609   -1.2809   -0.0702   -1.5598    0.8824    0.3486    0.1695   -0.0438    0.2127    2.3069   -0.2802   -0.0444    0.0614   -0.8357   -0.3796    0.0479    0.1914   -0.0176    2.4830   -0.1621   -1.0320   -0.3636   -0.8655    0.3339   -0.5245    0.2207    0.0755   -0.0740    0.6547   -2.6787   -0.0244   -0.3440   -0.0435 
 5300.00  128.8637   -0.3618   -0.0652   -0.0418   -0.0774   -0.9766   -0.5375    0.1458   -1.4295    0.0269   -1.5146    0.9277    0.3299   -0.0046    0.0728    0.0671    2.3578   -0.2037    0.0521    0.0247   -0.7547   -0.3879    0.0339    0.1653    0.0715    2.3684   -0.0313   -0.9171   -0.1625   -0.9238    0.2677   -0.4375    0.2824    0.2121    0.0611    0.9830   -2.6085   -0.0419   -0.2661   -0.1814 
 5400.00  129.2654   -0.3060   -0.0188   -0.1285    0.0106   -1.1703   -0.4195    0.1929   -1.6897    0.1145   -1.4671    1.0139    0.3530   -0.1681    0.0730   -0.1514    2.4783   -0.1679    0.1431   -0.0983   -0.6833   -0.3560    0.0540    0.1261    0.1258    2.4218    0.0139   -0.8700   -0.0760   -1.0191    0.3164   -0.3590    0.2785    0.5080    0.0688    0.9810   -2.6008    0.0838   -0.3096   -0.0234 
 5500.00  129.7101   -0.2752    0.0164   -0.2335    0.1012   -1.2747   -0.3106    0.2425   -1.8223    0.1748   -1.3424    1.0574    0.3995   -0.1037    0.0203   -0.3558    2.5303   -0.1709    0.1841   -0.1777   -0.6190   -0.3131    0.0870    0.1007    0.1121    2.5326   -0.0396   -0.8082   -0.1299   -1.0027    0.3988   -0.3331    0.2208    0.7139   -0.0065    0.8040   -2.4857    0.1928   -0.5313    0.1087 
 5600.00  130.2857   -0.2705    0.0417   -0.2814    0.1478   -1.1882   -0.2404    0.2515   -1.7367    0.1666   -1.1175    1.0327    0.3336    0.0006   -0.0877   -0.4633    2.4645   -0.1805    0.1602   -0.1974   -0.5740   -0.2570    0.1148    0.0758    0.0723    2.6247   -0.1161   -0.7175   -0.2493   -0.9073    0.4737   -0.2787    0.1276    0.7517   -0.1187    0.4998   -2.2816    0.2930   -0.7204    0.2571 
 5700.00  130.9955   -0.2697    0.0470   -0.2448    0.1429   -0.9427   -0.2263    0.1990   -1.4487    0.1122   -0.8800    0.8980    0.2695    0.1176   -0.1700   -0.4104    2.2443   -0.2023    0.0877   -0.1361   -0.5387   -0.2404    0.1000    0.0577    0.0157    2.6663   -0.2475   -0.6549   -0.3428   -0.7509    0.5271   -0.3057    0.0604    0.6343   -0.2059    0.2040   -2.0617    0.3774   -0.6354    0.2707 
 5800.00  131.7685   -0.2822    0.0425   -0.1456    0.0796   -0.6621   -0.2695    0.1488   -1.0553    0.0297   -0.7135    0.7638    0.1665    0.2008   -0.1551   -0.1948    1.8849   -0.2504    0.0028   -0.0453   -0.5004   -0.2519    0.0543    0.0594   -0.0360    2.6417   -0.3618   -0.6385   -0.4005   -0.5899    0.5459   -0.3173    0.0324    0.4009   -0.2466    0.0396   -1.8231    0.3694   -0.4578    0.2246 
 5900.00  132.4867   -0.3132    0.0259   -0.0309   -0.0185   -0.4539   -0.3034    0.1202   -0.6866   -0.0424   -0.5455    0.6673    0.0408    0.2315   -0.1213    0.0814    1.4977   -0.3261   -0.0665    0.0354   -0.4503   -0.2660    0.0084    0.0771   -0.0510    2.5653   -0.4412   -0.6881   -0.3809   -0.4483    0.5424   -0.2987    0.0961    0.1554   -0.2720   -0.0972   -1.5759    0.3749   -0.1909    0.2263 
 6000.00  133.0736   -0.3429    0.0062    0.0632   -0.1266   -0.3510   -0.3178    0.0968   -0.4034   -0.0520   -0.4112    0.5797   -0.0739    0.2066   -0.0564    0.2833    1.2034   -0.4013   -0.1232    0.0989   -0.3918   -0.2864   -0.0154    0.0921   -0.0387    2.4410   -0.3703   -0.6490   -0.2975   -0.3509    0.4100   -0.1996    0.1995   -0.0725   -0.2191   -0.0893   -1.3380    0.4398    0.0603    0.1262 
 6200.00  133.6825   -0.3316   -0.0029    0.1024   -0.1856   -0.4932   -0.2602    0.0704   -0.3657    0.0175   -0.3465    0.5406   -0.1424   -0.0680    0.0850    0.1986    1.0981   -0.3433   -0.1004    0.1174   -0.2984   -0.2914    0.0352    0.0749    0.0365    2.3004   -0.1732   -0.4764    0.0190   -0.3613    0.1417   -0.0422    0.2759   -0.2226    0.0667    0.4306   -1.2577    0.3081    0.3551   -0.1039 
 6400.00  133.7355   -0.2483    0.0602   -0.0399   -0.0541   -0.8421   -0.1361    0.1270   -0.6893    0.1017   -0.3510    0.6950   -0.0827   -0.2114    0.1306   -0.1276    1.2246   -0.2551    0.0490   -0.0344   -0.1672   -0.2548    0.0456    0.0096    0.1139    2.4561   -0.1140   -0.4285    0.1496   -0.5269    0.2295   -0.0529    0.1580    0.0464    0.1457    0.7052   -1.1975    0.3992    0.1346   -0.0656 
 6600.00  133.7698   -0.1918    0.0997   -0.1711    0.0718   -0.9162   -0.0570    0.1254   -0.7502    0.1096   -0.1665    0.7410   -0.0044   -0.1494   -0.0039   -0.3664    1.2486   -0.2186    0.1072   -0.1550   -0.0562   -0.1909    0.0673   -0.0397    0.1012    2.5095   -0.1159   -0.3082    0.0079   -0.4672    0.3549   -0.0648    0.1005    0.2039    0.0491    0.5018   -1.0650    0.4834   -0.2387    0.0995 
 6800.00  134.0150   -0.1948    0.0926   -0.1624    0.0679   -0.7301   -0.0789    0.0954   -0.4626    0.0440    0.1076    0.6325   -0.0234   -0.0159   -0.0946   -0.3949    1.0392   -0.2015    0.0527   -0.1209    0.0249   -0.1642    0.0540   -0.0592    0.0561    2.4791   -0.1838   -0.2317   -0.1523   -0.2954    0.5073   -0.1119    0.0086    0.0833   -0.0783    0.2368   -0.8946    0.3776   -0.3207    0.1435 
 7000.00  134.2962   -0.2706    0.0605   -0.0384   -0.0560   -0.5201   -0.1735    0.0774    0.0045   -0.0327    0.4922    0.4518   -0.2060    0.1266   -0.0481   -0.2017    0.6227   -0.2742   -0.0702   -0.0110    0.1666   -0.1947   -0.0619   -0.0540   -0.0165    2.4369   -0.3113   -0.2736   -0.2623   -0.1217    0.7256   -0.1276    0.0015   -0.1310   -0.2550   -0.1724   -0.5542    0.5337   -0.1881    0.1741 
 7200.00  134.4060   -0.4331    0.0404    0.0931   -0.2431   -0.4211   -0.2622    0.0478    0.4495   -0.0308    0.8854    0.3469   -0.4513    0.1655    0.0172    0.0270    0.2163   -0.4504   -0.2643    0.0713    0.2930   -0.1784   -0.0926   -0.0367   -0.0941    2.2299   -0.3315   -0.2782   -0.2518    0.1193    0.6198   -0.0118    0.3482   -0.3850   -0.2514   -0.4491   -0.3319    0.6709    0.1630    0.2012 
 7400.00  134.0548   -0.5126    0.0910    0.1157   -0.3358   -0.6046   -0.2379    0.0510    0.6160    0.0825    1.2740    0.2074   -0.6760    0.0876    0.0229    0.0277    0.0121   -0.4981   -0.3260    0.1322    0.3655   -0.1145    0.0433    0.0281   -0.0876    2.0784   -0.2914   -0.1064   -0.0224    0.2174    0.4845    0.1345    0.4127   -0.5626   -0.0872   -0.1074   -0.3713    0.5169    0.4346    0.1712 
 7600.00  133.3178   -0.3995    0.1012    0.0291   -0.2827   -0.9022   -0.1145    0.1274    0.5283    0.2199    1.4614    0.1687   -0.6766   -0.0668   -0.0411   -0.0821   -0.0314   -0.4241   -0.2023    0.0993    0.4341   -0.1063    0.1011    0.0423   -0.0184    2.2219   -0.3309    0.0751    0.1992    0.0506    0.6667    0.0823   -0.0072   -0.6256   -0.0653    0.2232   -0.3645    0.4639    0.3138    0.0717 
 7800.00  132.4399   -0.2406    0.1156   -0.0877   -0.1616   -0.9569   -0.0020    0.1094    0.3910    0.2297    1.4439    0.2439   -0.5531   -0.0476   -0.0377   -0.2483   -0.0330   -0.2839   -0.0465   -0.0180    0.5103   -0.1415    0.0364   -0.0028    0.0581    2.2931   -0.2786    0.2218    0.2614    0.0001    0.6845   -0.0228   -0.1836   -0.5501   -0.0300    0.4684   -0.3649    0.4217    0.0850    0.1041 
 8000.00  131.6218   -0.0996    0.0835   -0.1810   -0.0437   -0.8502    0.0487    0.0488    0.2980    0.1674    1.2306    0.3370   -0.2712   -0.0486   -0.0594   -0.4841    0.0074   -0.0911    0.0585   -0.1178    0.5356   -0.1868   -0.0106   -0.0519    0.1053    2.3466   -0.2330    0.2483    0.1849   -0.0071    0.5256    0.0406   -0.1184   -0.4249    0.0529    0.6951   -0.3677    0.1657   -0.0209    0.0845 
 8400.00  130.3155    0.0525    0.0522   -0.2553    0.0657   -0.7051    0.0221   -0.0132    0.3844    0.1071    1.0171    0.1681   -0.1481    0.0040   -0.1799   -0.8659    0.0233    0.1379    0.1539   -0.1279    0.4801   -0.1542    0.0363   -0.0550    0.1585    2.4671   -0.0708    0.0940    0.0300    0.1127    0.4936    0.0807    0.0440   -0.3609   -0.0847    0.6643   -0.0986    0.1050   -0.1406   -0.0397 
 8800.00  129.4568    0.0985   -0.0167   -0.2641    0.0982   -0.7946    0.0434    0.0732    0.7763    0.2310    0.6730    0.0030    0.2804    0.2279   -0.1453   -0.9748   -0.0222    0.2192    0.1602   -0.0141    0.4204   -0.0574    0.2641    0.0747    0.1181    2.3570   -0.0450    0.0533   -0.1323    0.3092    0.7920    0.1495    0.0206   -0.7218   -0.2990    0.2011   -0.4115    0.0997   -0.1595    0.2094 
 9200.00  128.9939    0.1235   -0.0496   -0.2521    0.1836   -0.7284    0.1285    0.1455    1.0979    0.5332    0.5497    0.0934    0.1983    0.3622    0.0346   -0.8560   -0.0326    0.1737    0.1420    0.1413    0.3651    0.0865    0.4939    0.2088    0.0279    2.3625    0.0742    0.1382   -0.1726    0.3688    0.8836    0.0243    0.0917   -1.0116   -0.5650   -0.2662   -0.1769    0.5659    0.1048   -0.0274 
 9600.00  128.7143    0.3539    0.0205   -0.2790    0.1567   -0.5098    0.6777    0.3972    0.9516    0.5849    0.9380   -0.4247   -0.5926    0.2133   -0.1569   -0.5213   -0.1856    0.1104    0.0711    0.0001    0.6617   -0.0695    0.1776    0.1970    0.0625    2.3613    0.0991    0.3565   -0.1375    0.3431    0.9470   -0.8309   -0.7595   -0.8581   -0.7473   -1.3632    0.0649    1.0835    0.3381    0.4234 
10000.00    0.0000    0.0000    0.0000    0.0000    0.0000    0.0000    0.0000    0.0000    0.0000    0.0000    0.0000    0.0000    0.0000    0.0000    0.0000    0.0000    0.0000    0.0000    0.0000    0.0000    0.0000    0.0000    0.0000    0.0000    0.0000    0.0000    0.0000    0.0000    0.0000    0.0000    0.0000    0.0000    0.0000    0.0000    0.0000    0.0000    0.0000    0.0000    0.0000    0.0000 
